22 0 88 259 137 150 156 96 241 122 26 170 114 283 81 219 55 142 30 186 135 211 2
24 167 110 4 286 133 227 56 38 79 232 174 239 295 61 140 25 98 223 59 297 231 37 153 132
23 296 103 24 13 15 63 224 128 146 254 268 191 73 42 118 139 20 51 104 126 1 9 274
20 168 75 276 290 187 57 113 282 121 243 22 6 10 205 292 71 251 272 84 169
19 180 72 299 210 193 107 213 281 40 185 209 48 101 16 196 141 256 293 175
21 216 80 62 218 263 261 226 277 284 271 177 147 90 201 255 289 17 262 240 49 183
23 34 8 246 220 273 200 245 32 217 111 109 269 70 124 238 115 182 43 279 270 178 52 165
19 108 7 203 95 225 19 91 29 204 82 27 190 119 112 12 215 233 173 130
18 54 294 92 285 129 166 214 202 158 160 76 131 45 266 145 47 143 77
17 85 134 260 74 44 188 102 14 236 197 93 5 31 67 206 194 257
17 275 148 58 144 267 39 28 222 68 89 235 248 242 176 97 278 149
15 116 162 136 105 21 230 244 207 195 83 250 192 100 229 94
14 87 159 18 198 53 172 64 11 287 78 280 120 69 151
11 41 161 171 50 258 237 138 264 154 46 247
10 184 127 125 157 86 163 291 106 228 123
7 164 60 3 23 181 152 189
6 249 253 35 155 66 208
4 99 298 199 252
4 212 117 265 288
0
0
0
0
0
0
0
0
0
0
0
0
0
0
0
0
0
0
0
0
0
0
0
0
0
0
0
0
0
0
0
0
0
0
0
0
0
0
0
0
0
0
0
0
0
0
0
0
0
0
0
0
0
0
0
0
0
0
0
0
0
0
0
0
0
0
0
0
0
0
0
0
0
0
0
0
0
0
0
0
0
