2 8890 6753
2 8773 8563
2 7013 7206
2 2384 180
2 8670 978
2 1135 7632
3 4679 1817 3259
3 719 6544 2650
2 6252 2053
2 3654 7433
2 1178 4796
2 563 1855
2 7468 3207
2 7109 4887
3 6031 9954 7376
2 3696 5903
2 7227 9910
2 2418 1546
3 3578 872 1190
4 2015 3539 5891 3897
2 9121 8727
2 9550 1880
2 6321 773
2 6403 2591
7 8758 8088 7813 8722 1680 4095 2114
3 9913 9925 820
4 7913 2660 2049 7283
2 7716 7678
2 2176 4818
2 1105 5982
3 8878 9483 8000
3 2735 311 7110
2 8227 218
2 3647 9360
2 3321 4557
3 9449 2212 9803
7 549 7948 5813 4298 9129 4929 4883
3 1776 5991 1344
3 3090 4829 9287
2 6039 6527
4 1209 5649 5441 3064
4 7957 8184 9763 4604
5 9313 8578 9377 5174 2163
3 3580 8965 2887
5 5934 7862 5091 1722 7739
3 1560 7325 8994
4 6466 1563 8968 3288
4 5018 4948 5480 3638
5 6689 6663 4644 3729 4793
4 2519 3555 3708 5226
3 3055 3358 5067
9 4309 768 2736 301 4479 4341 3819 3480 6492
4 2465 3371 6912 1159
9 4758 1269 9459 9609 9711 8701 8507 3631 2363
7 5970 4150 3202 6441 3478 9391 9088
8 1273 4214 666 1067 8397 7304 4817 5037
4 4525 1040 2297 4471
8 5324 5717 3147 2346 6521 3525 8331 790
4 1867 3693 1192 766
5 187 2695 6965 7575 4325
6 8292 3030 7108 6190 3185 5538
6 6822 957 8967 4390 9676 4241
4 4839 7952 8711 1339
5 88 4078 8102 3608 6686
4 6381 8342 1803 2758
7 7070 6541 6745 8303 3111 8147 913
6 423 2247 9581 1194 4011 6018
4 4058 8420 6377 4483
6 606 6916 622 8086 7804 4417
6 7929 2944 9927 3559 8723 9568
4 7657 5245 5983 7458
5 3629 7119 9864 9044 9520
5 8175 6412 4687 1874 492
8 519 2316 734 1879 2718 712 8433 900
5 6670 268 3655 5332 4941
8 5335 117 1978 1724 8290 2573 5230 4538
8 1757 29 3008 1973 1844 9827 5030 3458
6 8477 6228 1815 4877 1778 1000
6 3607 8950 8587 1512 873 5071
7 9563 6913 7346 7809 8913 4779 1562
12 7965 3855 297 4066 4536 7891 476 3848 5144 82 224 2252
7 3817 4618 1005 9979 5343 499 6517
10 1066 5086 9216 6160 1883 6150 306 2502 6060 4865
6 2432 5424 6724 6794 4467 2939
6 9752 7561 8564 7198 3291 3560
7 5235 3988 5381 8189 4352 3230 5578
9 9679 2869 2941 6418 1384 368 2445 6063 5398
6 9847 8395 2327 1228 7347 2528
5 6277 375 6607 7355 7581
9 3549 8962 6649 7088 7779 4138 9569 1823 2659
7 7499 9675 8520 789 9252 5513 3069
6 2720 568 5222 3540 364 3491
11 1097 4894 5341 3692 7709 1113 1399 9997 4416 2926 2509
7 9409 372 3281 7911 5615 6879 9515
5 4435 2507 2166 3362 4469
7 5440 6961 489 3410 1492 1208 8824
7 672 920 1735 4475 9920 3381 9723
8 303 2008 6044 1323 1002 7909 6795 2755
9 6002 4855 24 585 7318 3245 1773 4717 9868
8 2883 8840 6900 7186 9402 8792 4411 1545
11 2061 7799 7711 8020 9349 2486 18 2666 9034 3350 5244
8 9003 4842 1993 8787 7156 6884 5562 1555
8 4071 2986 6633 1407 9985 8071 6665 3737
13 9514 9283 9901 3049 1605 7180 1090 7379 2288 4337 3853 4281 4622
7 8731 445 1794 2233 3758 8192 7621
9 4742 6695 9523 5161 6529 8158 8073 7444 5886
6 1138 8204 8029 3138 3614 5059
7 9619 5716 2774 9090 7846 9251 8730
12 2571 2576 741 4098 477 9052 4084 8306 5653 1939 8265 6153
9 7475 2559 7141 9291 7293 7020 1421 4027 3931
9 2917 3471 3667 696 5743 7319 3936 7671 2448
8 9976 157 6424 6654 3826 5721 7464 2951
10 3307 4346 4495 4586 1838 4387 3104 1206 8253 5646
9 5445 1888 61 3168 9935 6735 5377 1381 1284
8 4094 1664 8675 554 3333 9463 4048 9824
9 2920 6198 8509 5218 3640 8449 4836 9186 9359
12 5497 961 5598 6767 9649 2426 1959 3760 6349 1015 8654 623
7 1992 8179 2324 3990 3849 3193 7025
10 6263 3149 3239 2313 7455 9347 8739 6208 5371 1998
12 8708 4637 3743 5402 3918 4693 7104 2523 4520 641 2152 6288
11 3167 3025 610 2828 8458 3430 3739 1376 6016 108 3586
8 3442 580 9046 726 7768 4830 1319 6143
7 474 6269 817 7210 3334 1529 7482
8 1335 4788 3527 2123 8370 7196 23 1022
10 1315 2912 8271 7687 2942 6877 9267 318 7284 2265
11 5192 3103 7877 8698 1447 7398 9996 874 2717 7122 3870
15 4601 8329 8728 4056 7140 8302 315 1363 4629 7613 5618 1473 5202 3902 7011
9 6815 2020 7229 2589 6740 7373 1146 1706 1114
10 677 4307 8406 9670 3409 8376 8774 2495 233 8596
11 5300 7640 219 1414 4208 6752 6200 9735 4070 9750 240
10 7401 5406 9020 6780 567 1024 513 2649 7684 7522
9 6901 5902 6662 7230 3329 457 9702 1023 3861
13 7429 1353 6694 7114 4511 4255 9289 5553 389 1536 9765 3084 7036
11 5860 222 1528 9187 8489 5237 7224 825 8348 8719 835
13 1305 6807 583 113 3546 7993 2512 5049 8254 2751 5985 9525 5859
11 8310 9799 3457 2531 8149 3651 9544 5295 7787 4006 1018
8 9707 1866 7810 1860 9495 3557 8546 4646
12 713 5304 2429 7849 3276 7320 7357 4635 3512 1111 1143 8330
11 700 8559 6361 2296 1406 4648 9845 640 4065 4301 5254
11 5868 6456 7064 5387 1651 5954 4202 908 3341 7713 6439
14 5299 3564 9698 8783 3596 9452 8892 6409 5054 2981 6591 3028 7828 7700
12 4008 4143 9207 9626 3697 3005 902 3865 6327 5156 1246 2709
12 1515 6952 5881 5227 3575 8323 7546 6430 6744 8047 2625 2862
11 6831 9411 6843 7435 8262 2026 1524 6645 9249 1442 2669
11 9888 4882 1332 3294 1013 2742 4154 7934 4588 3297 6834
13 7861 2278 5027 7864 3148 6558 5500 3188 5711 9019 9519 251 437
10 4059 394 8932 5491 8426 5307 881 4838 8753 7432
15 2135 5971 2538 6155 6245 3453 2866 229 8825 9960 5157 2492 3644 6918 9753
11 6783 7188 8024 9974 1251 1177 7337 9138 2412 9699 89
15 5693 6656 190 8459 2711 3092 4826 6076 7453 486 3441 8322 2463 4474 9759
16 8703 9820 8484 2536 3384 2642 4404 6454 8937 4528 2302 3322 0 5821 9573 7855
15 2949 4494 8213 6502 4781 8848 493 57 2754 9346 3056 9451 8319 2897 2276
14 3253 1227 3257 9503 7102 164 6244 3086 5197 336 5296 6 1020 1230
15 1543 9733 3249 739 699 8447 5920 984 1676 1061 5272 5811 8606 7533 3289
16 9305 6189 6849 6851 3396 6567 9751 1346 1785 1426 9184 9714 7968 5312 9488 557
13 8640 4984 9852 6239 3833 4493 5914 7972 1327 4490 8453 6433 9243
15 273 541 9166 7889 7704 3160 1697 9109 1046 7075 7947 6914 4069 1359 3380
16 9325 6139 3579 5358 1734 6756 6420 5158 4709 3225 101 5198 1788 9119 321 3965
14 3444 1833 4873 8425 7512 3572 481 211 5679 8605 1064 8384 3850 8865
12 7463 19 3311 6168 1564 9579 6515 6845 4759 4273 4432 5311
15 3156 2603 1609 2788 965 9286 4973 1365 6484 1922 7031 1751 3656 9304 5631
14 7040 6485 7329 1142 9804 5674 4636 6463 7359 5737 8165 2964 3619 8022
15 7928 8630 8557 6658 3029 3354 1252 6119 6133 2541 9843 7600 9097 7201 8308
13 9084 7028 6110 9851 7927 854 9180 1537 6238 788 1118 3134 6127
15 9393 6404 7129 7451 2335 9385 1430 39 6610 3071 1356 1699 6595 3914 7058
15 769 55 3236 2079 945 7585 4761 2382 6647 310 5141 8838 2032 8122 9281
10 4377 1170 4428 8566 1970 1634 7239 1626 8019 3617
15 8518 1637 4583 8586 6304 4630 1904 2916 8609 8245 1027 2337 7228 5596 6368
12 3869 9405 6123 400 442 2896 4035 9737 8788 4052 5536 1009
14 5769 5858 6053 6473 2470 9392 8111 6687 5401 3637 8275 1086 7601 2818
16 9140 658 5808 4414 6924 2230 212 6340 5815 2966 4329 7343 9146 9891 2098 3456
14 7956 5727 2641 5034 2975 9744 3325 7816 9817 7147 9024 5376 2597 263
14 4379 1784 1372 2714 5698 8902 951 4656 6222 8553 3742 4640 7459 8279
16 84 7612 6199 1635 9556 435 5917 3778 454 7990 6384 9399 3184 9354 8423 5592
10 7399 6135 5654 5369 4507 849 559 3315 7383 2620
16 6706 2424 8055 3891 8573 2783 4869 8173 5382 4317 4700 1479 8622 9439 2139 2610
10 4090 3197 8699 9274 5540 9071 2654 1475 408 2430
16 5885 2738 9473 4437 2422 6410 5621 2178 7010 584 8571 5883 7496 8260 3464 4124
10 2356 1438 9128 2915 5887 5756 7663 5437 3751 7773
14 6115 7287 864 2118 1260 9042 2171 2693 5780 7264 9878 590 8740 5575
12 9406 7553 2957 3603 6293 81 8895 3824 1087 8053 7289 2185
11 8736 627 1100 9255 3066 1685 6762 5910 9418 2550 8119
14 5213 5948 8021 9666 332 4658 6480 2543 2969 7609 3709 1452 5508 3528
12 1630 2838 6004 1218 6475 313 7068 2191 1140 1961 4311 7986
12 6329 5875 9191 8832 4482 5593 2343 5444 2376 9123 9736 3349
12 4260 4537 6164 4815 7662 7387 1016 4420 6080 5682 5108 44
13 109 7471 1689 1995 935 3232 379 7506 3898 3413 7733 6569 7964
12 8209 2928 1267 3566 9527 3530 6910 1956 7742 4683 1277 361
12 4885 5112 5517 47 7579 7535 6197 9160 6583 3903 7251 4243
17 4706 2791 5466 1010 8536 7668 7438 7988 8239 5919 558 8759 2354 2593 3887 2410 1658
8 2436 2147 7226 6966 1553 2797 4559 7061
10 2357 271 2401 839 4020 7628 6009 388 1695 3367
9 4546 1852 3368 601 9179 6399 8780 8793 5968
10 8104 209 35 4854 8996 6548 943 8641 1805 2814
13 3208 5487 2511 6536 9557 2000 7191 6672 352 384 8402 3080 8674
12 2006 2143 8224 6634 8035 1721 4068 3163 3088 5334 7252 1653
13 5359 4233 3317 7446 3114 8188 5576 6081 5064 3767 7760 2408 124
9 5572 8328 4673 3445 9497 7113 4824 1037 4321
10 1593 9691 9011 6563 208 5124 636 5317 5478 3755
13 8435 1625 2782 1500 4953 6346 7555 6416 8661 5969 5471 1825 6919
15 9137 8715 7638 1518 507 5830 1459 7659 174 8235 4286 3711 7641 4962 2238
11 2899 9412 6765 977 1835 2857 8028 9436 7362 8770 2848
16 2748 5710 9806 9105 4115 9065 772 5809 4924 1736 5975 6644 2888 4484 6934 2853
14 4959 5856 5006 4080 4666 4450 8595 2630 355 2099 5825 3620 9532 5775
14 5113 7082 1588 2690 290 9064 9410 5557 4944 3278 3635 7015 1559 7185
13 6493 2106 6206 9830 2338 6023 6251 8809 6104 1513 6090 1226 5476
13 7116 8277 2198 9575 2333 986 1181 5008 2359 5979 6152 4695 1288
14 5990 7677 3947 4228 4029 2033 6132 9284 1433 1411 9914 722 5068 2208
13 6747 1674 9627 4980 6550 9341 4063 9858 2121 5481 6571 7599 3827
16 3951 5510 6669 6220 3583 5751 9364 8263 7078 777 4043 9740 644 1472 8154 9766
12 6457 5746 3601 5748 2112 4913 1245 7971 9054 894 6960 7405
13 1984 9768 6741 9869 4405 2473 7762 4397 1944 4523 4868 9005 4795
13 9246 3461 9469 533 3398 7682 5279 9478 21 8031 4736 7969 9196
11 5393 2293 9282 8588 6474 3433 4872 8373 412 2308 9530
11 3196 9306 3779 5816 5662 4366 4819 2977 613 2177 5501
14 5818 9087 4624 7097 2787 7448 3952 2867 1791 202 3145 5284 5573 8907
17 5744 4170 7314 8614 6402 7811 2115 1709 6581 6600 3864 9600 5533 4697 7722 8333 749
14 842 9595 2074 6856 1797 6580 2406 230 6106 8540 8599 5281 9350 8618
13 9685 6875 3017 6575 5287 553 3507 9444 9049 1582 807 1691 7950
10 3170 4164 5017 2825 767 5764 8326 129 7330 923
17 4223 8274 9487 3740 4403 9062 883 350 1448 3161 995 5531 2998 5758 2329 2138 3087
12 328 608 8040 3199 1627 7253 9381 137 9784 1682 7655 8648
14 8629 4910 482 2167 2464 7342 7778 4937 1071 8549 2204 8422 7093 6828
13 4455 7248 9613 8298 2173 2156 8182 2710 9489 5475 1427 7146 9380
17 166 6068 3910 1640 511 3502 921 8851 8857 5247 9790 4810 5742 8572 1622 1301 1242
18 5060 9401 1121 4863 1102 494 9822 6596 7065 6363 5167 4082 6072 2812 2007 1174 9131 3857
10 7428 4196 565 8940 7534 524 5909 4898 2793 4949
13 2520 530 5425 5957 3116 3468 5847 3211 3216 1590 4173 8946 9693
17 3424 277 6125 1 633 1436 9652 2011 4121 7194 1976 3061 7767 3705 7089 7814 7049
18 3176 2566 2216 3414 5344 3694 8819 9403 9755 6309 5509 5151 6074 3533 242 6518 1624 316
20 2963 661 3510 6058 2982 161 2527 2415 7680 6622 7130 6801 3246 879 6482 6976 7235 9898 2839 9396
17 2784 200 5541 1628 6825 7933 6333 2021 8958 2269 7003 1216 3265 5637 737 4649 8957
20 4200 8574 8207 7277 4645 5913 2556 8620 2439 3625 243 9798 1131 4952 5773 3343 3304 5159 6350 1300
20 3067 6951 3632 2577 5135 5169 4433 7749 688 6855 3320 3515 7233 1935 3613 9413 2257 3264 5647 758
19 8713 6804 4349 8653 2551 5622 3829 6114 6462 1854 9021 3634 8065 4181 6158 5661 8424 2873 906
17 8978 7255 7380 3119 7643 2122 8063 9376 3828 8270 7408 3733 3633 2806 8083 5714 4846
20 3459 5890 6202 5347 6729 6618 1325 2290 8830 3292 8115 798 1744 6889 8893 9307 9004 3863 9716 7527
19 3773 7666 856 9037 6597 6297 7754 4768 916 3650 687 8568 8441 4968 556 2677 5078 1575 1958
18 3976 9965 4299 210 2937 8882 380 6962 8815 2805 2364 450 1821 3198 6207 9461 4108 2530
19 892 2455 1326 8796 9949 1422 8820 3722 1747 9533 8199 2894 4603 4005 8251 579 1931 1646 8594
16 8979 3989 9874 9757 3537 2852 1768 6319 594 7250 5570 8845 3252 4476 9067 8908
19 6786 206 8448 266 5495 6313 7150 819 3186 3356 9848 8632 7992 2747 7784 2516 4042 2321 8738
18 3024 3068 7557 7152 2706 249 5486 6602 7189 7741 1092 2481 2491 5893 1642 8299 8001 729
14 1530 9636 9314 9199 7679 7940 2851 262 3272 1847 5432 3690 9915 9906
19 4112 9890 950 4205 3338 7037 538 6452 5117 9821 9363 4252 4022 9648 8082 7436 3526 7261 6721
17 7117 4661 1221 4657 415 867 5610 2933 6830 5877 7815 3504 2629 5404 4844 4308 247
20 8548 3821 718 1755 8529 7642 4724 9288 4159 4772 7904 5705 264 9999 6005 1093 2540 5390 3922 2909
22 1489 4194 3991 5712 3615 4024 952 397 2107 9659 9508 7588 8200 5518 5190 4972 6285 9608 685 8947 1374 1120
21 8203 8440 9549 32 6261 1352 7636 7769 8953 6699 5470 8010 2678 7295 1712 9895 3298 2289 2002 4324 7133
19 6455 4848 8816 7193 141 4415 4773 959 3592 2431 3389 6894 45 8982 9764 7881 8625 1052 2554
20 6159 2626 5771 2056 8194 3215 8970 7316 9324 4340 26 1316 4373 1936 8929 8452 2594 7731 7487 2953
20 4184 5507 7870 8747 6969 5366 6630 8244 2561 2777 7960 5898 9760 4647 4261 3837 9266 5485 2249 5173
21 5189 4421 3105 1777 8110 6280 3669 799 4114 9299 742 905 2454 8365 9599 5949 3046 4766 5745 5855 234
20 4575 4794 2539 4088 4957 6648 4326 5045 5465 1428 2740 6129 5997 351 9642 5604 6917 2055 6419 4841
21 4935 730 95 3594 6101 5457 2680 5959 9056 4117 836 3438 8679 6520 5946 5912 6212 4116 7183 390 131
20 7792 9559 4107 6173 46 9964 5021 7872 1591 9072 2582 7291 9040 4934 6768 8249 690 9770 107 3664
23 1030 5636 8915 9654 5783 2059 1565 1725 8827 8339 2534 7757 3359 985 9509 367 6501 8666 6300 9404 7758 5362 8499
20 8786 7867 9345 8421 7901 97 7924 194 1814 7265 8294 787 9903 5961 1303 5676 5977 2730 675 710
19 9316 4502 2132 9100 2240 9639 9229 6692 3221 2615 5739 7218 3023 2083 9507 5973 5354 7472 1293
19 1869 1240 4028 5428 4123 5603 1299 8481 4212 2762 6859 9865 4492 6792 2096 2592 7899 7182 1552
20 5089 8309 6922 4141 6078 3439 2407 3271 7483 1229 6124 5648 7450 3911 5918 6545 5599 3856 5002 6221
17 7406 409 5626 9819 348 9836 2760 4221 774 2237 3774 2092 8139 3407 1652 8636 6227
20 4833 9030 4705 9135 6247 2291 2164 4314 6678 7125 5326 9788 588 5178 1367 6112 1341 3125 9467 6434
22 9320 5214 4875 1508 9872 9576 4371 7761 6727 1831 9541 8749 2876 850 2889 5461 7836 6895 898 7160 5987 6342
22 9813 5285 956 2036 4704 9564 5405 6243 4561 5556 6298 4368 4461 5152 8900 9601 7181 4140 5446 9673 8337 5266
21 9602 720 448 4938 1474 6946 1297 2234 680 8986 8471 7280 620 5747 8729 5834 7437 4049 8870 1185 5726
21 245 150 5686 8682 922 3194 3181 7777 147 2893 3534 5810 9686 1554 5365 2070 2879 1633 8490 3313 1254
22 2681 5554 326 267 9171 3802 4119 425 1891 7164 5092 8284 8335 8975 8778 7756 9301 4691 2277 4239 9860 4886
21 5996 1955 1843 2639 4914 1294 5374 5298 8843 2057 1283 8881 1533 5633 1108 2759 2815 8278 5688 8057 7586
17 7648 1830 3680 1496 6274 5116 8237 2835 3689 1666 8340 2186 3280 4054 5960 4127 8700
21 6192 1276 5955 8681 376 5952 106 1051 6680 9542 1435 441 6988 6530 6477 3771 3688 4778 9178 1375 8847
21 6307 8410 7174 7364 5994 8214 3570 5582 5104 510 3395 5980 3431 1156 8417 8341 7476 4671 5474 2544 4790
20 8462 3426 3191 9738 5628 1864 7176 624 4675 4000 8077 2487 362 6817 2133 3835 3076 7831 392 7001
21 2657 7876 9512 3663 1239 8030 7697 4939 5140 4730 8297 4612 2342 2344 1383 2830 9336 7996 4741 6559 9876
20 9012 5090 656 4659 595 876 4989 4832 698 6397 2413 3091 4991 8762 488 4142 2069 9454 2586 9719
21 7372 975 8133 7710 4595 2954 4244 9143 2722 9083 5763 8720 2549 323 4367 2353 3571 2940 5364 5454 398
24 697 7637 9696 6186 5627 7922 8259 2119 3675 3731 1199 2345 1236 7999 2433 4152 2763 1478 4427 6417 2698 6405 4197 8069
19 4109 5025 8464 2651 1281 6062 7903 7267 2769 4443 1132 1371 4051 4465 5762 5147 3749 9834 8269
21 3129 4686 1977 7203 1746 8694 5221 2882 928 5396 2936 9946 9856 6766 1021 6323 7057 6241 8221 2750 452
21 7631 2518 6141 5036 2126 353 5782 2037 2765 5502 9661 1358 3980 5736 3015 1813 3113 455 4728 5884 4120
16 5282 8868 3051 7882 7558 6850 4353 2063 581 1789 446 4401 5895 828 4177 7112
21 9543 5777 5602 378 1902 4764 3685 8099 5559 7077 7497 2461 7835 8875 9580 5431 7524 6539 2961 3048 9792
19 6003 4782 330 7479 2075 2025 3135 8344 155 8215 4614 4763 4998 7051 7918 8195 7979 2664 3698
21 8784 8991 982 422 8806 3839 4249 2373 3277 6226 8971 973 6371 9840 8891 6365 3941 5545 6505 1718 1507
22 3403 439 7690 7494 942 2745 3609 8510 9644 4128 1882 5950 1615 4599 1795 4272 3180 4785 5224 3929 9025 2169
21 8198 6718 7554 9524 4481 1613 853 2270 5608 4358 614 6995 5136 5496 9726 4774 4757 8888 6840 5978 1569
19 2780 3375 2442 8445 5660 3867 6999 320 2844 495 8525 4015 8162 6761 5138 2865 4320 3286 7834
24 6296 5516 3058 3220 9202 5866 8190 7503 7187 576 4942 322 815 1432 7623 7518 8095 2310 1258 4269 1083 4193 7820 9476
19 7975 9815 6498 1693 6380 6716 8038 6898 592 1551 3593 723 4361 9885 5322 5416 5544 998 3643
15 6547 7994 7096 7633 6248 8097 5664 4950 9708 6229 7242 9048 6514 8238 9677
20 248 69 8856 5539 6512 6034 2613 7014 5062 7368 8532 6431 8170 1780 5776 258 1599 5232 8862 8611
18 9078 4807 7884 7019 7275 2264 8864 6165 8153 8281 9471 1333 4436 9540 8581 8332 6991 5370
21 3541 4153 3554 2731 3493 7135 2128 9553 2209 3992 9919 5561 3926 6499 1129 6302 9290 9829 1107 4987 2508
22 128 7580 3915 4245 6089 2790 6925 2875 9322 8721 4198 6543 8081 5412 5463 651 4563 9668 4556 4540 3224 5665
20 1054 5732 6526 5241 1511 659 1364 2645 8935 1296 5639 3312 8598 5787 804 7673 6481 3595 4292 5434
21 6450 4207 8085 1913 9127 7941 252 9357 1431 9462 8822 3973 647 7919 2811 4928 7241 948 4303 2134 7214
20 7430 3022 6886 6896 2320 9952 1930 9754 3213 3714 4468 2476 54 9257 5894 8522 7069 2203 3825 8232
18 428 4558 2686 657 115 979 2557 4625 8437 9748 9258 7519 1481 5749 2608 8349 4310 899
21 502 6710 3036 823 8403 6805 3624 3173 1787 9998 5908 5738 2462 6949 2795 2148 8923 6782 2773 3120 2221
20 6255 9680 4602 607 2984 2809 3811 582 5730 9112 515 609 2071 7127 5812 3014 3223 1137 5265 8196
23 1804 9104 3783 3789 9068 8938 2330 3974 833 2599 8576 7978 9933 5346 654 5683 8849 6624 2300 6650 845 7751 7681
22 3786 284 8995 127 2675 949 1282 1871 8126 4136 9697 2263 7923 5223 7667 3179 360 4554 9294 302 5784 6390
20 9631 5888 4940 3169 4089 1211 3476 3547 3027 4419 3187 1933 7290 1490 2475 5493 5988 3612 3723 8131
23 1313 1503 9620 3879 3477 3435 629 6279 1561 2370 8475 1322 4210 4500 3206 6759 7989 1408 1579 1726 1865 9993 1898
20 7249 8554 506 9118 8037 9561 6066 4802 776 1342 5589 1610 9615 5236 8364 3327 6093 2922 4189 3412
20 41 9297 9625 7492 4862 5087 847 5134 5031 6540 9732 2124 1858 8240 8411 7154 3792 2019 5047 9227
20 8157 9353 6356 4139 5088 1160 2948 1875 2498 9583 7352 4626 3917 201 2202 4600 1786 6035 6911 2983
21 3830 3605 1460 6398 3732 6336 6698 1937 5941 9474 4426 1042 600 1763 6259 4580 6717 4157 805 3588 5175
23 8835 6012 4291 7208 6809 6272 709 2076 7048 4496 5658 684 1525 3387 5327 9756 6217 9493 2196 6994 9970 3562 8744
20 6265 3966 146 5724 105 4147 6157 3959 7101 5000 3006 2091 3235 1144 1645 432 4606 1195 4488 2307
19 8382 9382 9657 9457 3117 3524 1947 2125 1416 8473 4727 3548 2251 4811 3042 994 2564 1510 2090
18 8346 498 9477 2217 7595 189 5394 5801 8755 9862 7930 7367 2131 7744 8839 535 1439 7105
21 4867 8803 7686 7209 7276 120 5100 7830 852 3222 4899 4925 4439 8356 9921 5048 5563 9220 1636 8106 4129
23 8351 3816 5668 9182 3721 3345 1846 5899 7501 6223 4651 1034 9092 3805 5084 4672 2637 1663 8156 9674 8866 5225 8543
22 5535 1200 2305 1272 381 992 4605 578 2315 5094 2729 964 8359 6564 9528 1940 4752 9465 6603 3762 5524 8850
23 5205 6711 7085 6764 6523 8785 444 8505 9810 5619 9205 5625 3844 4762 2380 7157 6720 4172 451 5930 5819 2457 2253
22 3263 5663 5303 2999 1324 9647 4328 3754 2052 2931 4992 9929 1654 9924 8276 8389 763 3642 7038 2691 8222 4393
20 9805 1986 4613 5291 8665 1985 3429 9849 4532 9026 693 7536 9578 4751 6616 188 3681 2609 7606 3945
21 5829 830 5650 8876 8909 8687 2842 5708 1842 1286 9295 4381 9099 8702 3492 9961 5024 1641 6278 7204 2617
20 4720 846 9130 4017 7808 6460 2246 5864 2478 8061 5255 2517 324 8393 6032 6322 6314 4133 1378 5149
21 4665 9586 7382 5187 6537 3759 6331 6882 1541 5176 3699 5080 3296 5325 1354 7833 4680 4242 8718 7371 1247
22 3866 5699 1723 8034 7840 871 5263 715 550 9089 5532 4092 3796 9653 9211 5842 5669 9552 4570 3347 2868 8877
21 3490 497 2663 7732 8176 7274 3901 3432 8767 1396 2567 2214 2003 1126 1659 2474 1983 1694 7375 4473 9690
23 7465 989 5477 9116 5453 9158 7729 8798 7931 8288 9397 6042 2004 7997 165 3600 528 2968 6051 8964 8808 4268 8921
24 1223 4703 98 5107 7692 4344 6359 9741 7894 7627 1320 7521 1749 6249 3810 1542 4808 3041 1868 3310 9259 1540 9499 3871
21 1527 9640 172 9018 572 7477 5426 6178 1476 561 134 4906 6560 71 2820 4577 31 4220 3820 2840 1662
21 2881 9511 6538 5690 2652 377 6582 736 6873 2016 3503 5097 8914 4715 2970 7577 1390 3791 4799 5264 5399
20 7000 7190 2781 3775 5400 4857 4470 3752 7782 1119 5103 3363 7736 4542 3730 6576 9909 4040 5179 3626
20 9944 2605 4250 4409 2653 9458 4584 7490 7672 3508 6947 1056 8678 3143 73 4162 6464 5363 5020 4803
19 6942 3666 8768 6024 4744 8500 8800 8218 3323 1253 589 2334 3324 6108 4364 1153 6978 1987 2225
21 2973 5182 9464 1884 3940 1859 1710 1096 7630 2596 7153 1925 5820 3964 8478 140 2886 1095 6191 1343 7566
20 7086 6503 2207 907 3434 1004 4224 8058 9029 4135 4438 5505 5118 9455 1049 6335 869 7017 6170 231
22 6836 6021 8079 895 708 4274 8220 8659 6268 2923 7195 9682 7790 6281 7917 269 5345 7426 4967 5900 8501 7590
22 168 2497 9871 7685 7246 1762 3122 1660 808 2444 6312 2684 9055 631 8999 2692 13 1377 1708 1758 9117 4662
20 1908 1729 2060 8167 382 5352 2972 9607 4698 6184 9966 3516 4412 3523 7427 6676 7042 7467 4023 6690
20 1655 9743 2323 7665 3227 4163 5635 3776 6617 1889 7844 1007 3063 2529 16 770 6242 8311 9206 8443
19 3462 3108 6742 8989 832 9617 1453 1942 5792 6681 4012 7094 9372 2088 7053 3388 4339 1088 8124
23 7574 1550 4137 6927 9276 5082 3451 6426 4072 8307 6262 3748 5687 9245 3118 7478 427 673 1526 9389 6087 7983 12
20 2904 802 6984 6305 4639 9156 2220 7334 4722 8906 8565 2405 1713 9986 6631 8141 424 3440 160 9887
23 3073 3585 483 9190 100 1487 3393 4828 7080 5373 9333 1310 1073 4876 5802 179 6611 6614 1074 5937 4332 811 5586
22 1186 1465 9538 4786 2979 3785 8018 76 1169 7650 7285 6572 9883 8387 3728 1280 9057 669 6993 664 4592 2029
20 199 6903 8059 7386 643 8945 929 5268 6883 3968 9718 3374 3809 2379 5378 8503 1732 9831 7115 7825
21 5120 7172 9002 2799 5267 1369 4477 40 3210 4539 6116 173 6264 884 5053 604 5703 6348 3838 5293 532
19 3050 5511 5678 5228 9262 9537 254 1979 3782 991 5597 4936 8394 1808 6015 831 3687 5953 3422
19 8434 8146 2934 5503 1215 7344 8667 1176 6880 5734 7528 8704 3890 1594 4901 5836 1060 9700 1080
22 9633 3938 9450 753 5375 4256 74 9228 7926 947 744 5484 8006 9047 9398 7859 6936 2005 2411 2145 7568 4760
19 5757 9705 8791 354 2480 5684 4074 4608 5384 7753 7071 7775 2987 8658 702 748 6096 7615 7676
19 933 6615 6216 4713 369 6161 1393 8334 9231 4442 9945 8202 4380 8837 8080 7954 1730 5760 5423
22 9045 4733 152 475 5409 1415 9516 3465 8160 65 257 3330 5215 784 7059 8468 7288 3427 5035 8137 2628 5438
22 6360 3921 5779 1106 4171 8523 1182 1700 8987 9379 2154 7707 9153 7703 3552 312 2872 5044 471 962 7307 2618
22 9926 7567 3565 3026 6601 8951 3205 3904 6056 7296 9658 2284 2619 1623 9448 6287 6626 2258 7416 8374 888 4338
25 8338 3411 9769 6000 2352 2600 2741 5050 8652 5844 1752 1466 9268 1702 5350 5106 7800 1400 4240 3001 8206 7705 6661 1149 464
20 3200 665 3319 3054 3949 8272 3986 4840 7510 8432 5181 8885 6224 1225 1077 7951 707 2494 936 7985
21 3717 4376 9492 241 1349 7282 7457 6566 4209 7842 3256 4100 1816 5066 7328 1219 9147 8070 6315 7202 1150
23 655 1580 1386 6446 8187 92 7263 9505 4971 816 4235 7635 6225 4678 3419 6506 1362 6445 9010 7863 9791 7559 1602
21 9144 6069 1601 8155 1845 156 6904 235 8193 5804 4852 7699 9588 1462 6355 4931 6019 5831 7393 5467 3745
23 2399 6413 1863 4615 704 7134 9962 2565 1568 2670 2715 7340 1026 7056 3852 6773 3702 4996 298 562 4568 7175 3886
21 3544 2570 761 3636 4607 4485 7513 2612 6389 946 4060 9547 1321 8345 1397 8934 8483 926 5361 1923 9387
20 3475 5351 3807 6814 8742 9833 4965 8743 8150 3174 5168 6382 4333 6891 6010 652 8508 8430 5460 2794
21 9485 1792 2250 4652 7912 4503 6832 5070 3905 1308 9908 1289 2162 4148 9713 3868 4823 9061 2890 7168 2816
21 4246 417 8219 3542 645 4099 2275 4623 6041 5306 5391 9460 4122 4175 8248 1893 1586 8226 7358 6964 6193
22 9628 4050 5240 8128 1647 5433 3784 9731 5995 9687 1819 9534 7788 4191 7892 7688 9338 2993 1350 5331 8943 7565
22 7236 9562 5012 6048 7856 1256 3165 9238 3031 9270 2796 1094 2499 7706 7589 1849 4230 8538 7391 7356 9854 4891
24 4225 8419 6438 4585 3057 552 3482 3099 8956 5933 7898 3293 7062 7743 5258 7121 1806 7050 1895 438 8726 9176 3978 465
20 7243 1949 8671 2368 2525 7614 8266 6146 2768 9978 3081 5828 6099 2822 5753 3558 3284 5696 8898 8802
21 3083 2261 9681 2776 9033 1745 6098 9912 15 6059 4569 1538 3337 8201 5 5506 756 6958 1456 8113 3971
18 780 2181 8353 9570 967 6751 7624 5171 2142 43 7771 7634 6535 9585 6555 7390 3975 2724
23 2440 7434 3038 7162 9177 691 4858 3044 6775 5340 686 4915 80 3630 3598 2902 4516 9148 3390 8959 4926 5731 9296
22 7602 9254 6771 4101 7847 8094 674 6121 6134 9826 8745 5320 9621 6935 9745 7247 6311 6230 3611 1887 1495 6524
20 4285 5892 1175 8615 9232 5835 5099 5380 6495 5166 2451 8805 2381 5010 7878 9567 2326 7906 4747 2627
23 2031 3112 4372 2585 5579 1168 2192 6683 484 1394 7718 4025 2524 198 4573 3300 6606 5130 9977 6955 1304 616 7
22 1233 9634 2635 8831 7759 9134 2602 8413 7488 6824 5072 6509 605 5850 148 2836 5207 5003 3836 1573 1157 144
22 419 7737 8772 3370 3818 9429 9159 3981 4884 8904 7259 1818 9548 6256 5257 8949 5348 6869 1380 6113 1003 8280
22 6128 7442 8575 9419 66 5238 2702 2907 5632 7090 5520 5793 4572 6945 8561 2469 9787 7310 6465 8120 3204 5857
22 4920 9947 1873 6357 6967 2831 8585 8023 5201 8004 1670 9663 7023 1446 3832 226 259 3927 5788 5063 204 4041
22 2537 7323 6392 2041 5656 8367 3102 8506 7727 9038 1368 5785 3178 7854 706 4030 5580 5248 329 3662 5931 2358
24 3875 7683 3420 3701 9375 1311 5193 1779 7843 1464 6203 8009 6578 1572 5330 6154 4447 4548 1274 4820 2908 9374 7044 3517
23 135 119 5719 4587 3082 8191 2673 3532 9264 285 7363 6387 813 2858 5229 8633 1213 2697 7719 2287 1290 5435 8463
22 1997 3842 8795 4544 9923 6213 1862 3531 3228 8662 6306 1772 6325 5498 6075 205 220 9124 5414 3229 4716 6339
23 6029 4410 1684 8955 2105 3970 1098 7143 9624 1424 3137 4073 3682 4351 9081 6214 1285 2298 5549 4363 1962 4425 5449
23 6338 8637 3840 2409 6638 3993 990 3657 9896 1166 6085 78 5479 7520 9253 7100 4530 5127 1262 4961 9721 2764 4732
21 8285 6316 5620 7883 5601 9897 8860 6674 3454 5314 7192 8304 8886 3889 764 8451 9484 8716 3679 4158 2165
21 615 6818 3906 8854 9645 8998 3790 9513 4204 9939 9175 5164 3794 393 291 2488 3158 5644 79 7980 9250
23 4064 6749 1491 1222 9610 8642 7425 8782 8300 1679 8624 153 940 2155 8931 3020 932 4231 5896 9555 5286 3237 747
23 1994 2856 2235 4297 2077 102 6989 6270 9684 4356 272 7142 9880 7556 3519 548 14 191 4983 5616 7789 794 976
22 3602 2992 4396 2140 9761 2404 7456 7498 7793 8293 1781 9739 6282 1894 1703 8619 9861 762 9967 5707 7460 5659
23 7874 3885 5234 7232 6584 8504 9394 7466 5001 6769 8431 8917 8048 6511 1836 3273 1759 6653 6250 1115 1905 1837 8942
19 8823 596 2180 6643 7043 4756 7629 6868 3536 6823 6320 1486 1025 5339 6046 4735 2172 1705 2223
21 2425 4016 1201 2997 8379 6013 6657 6562 7610 8051 8107 4335 3004 7658 4812 3703 2100 8078 3455 8414 1801
22 8521 7312 8093 1667 9832 1232 3290 7693 542 6301 6974 6102 6813 288 7200 4275 750 5889 8879 7943 3928 7348
21 7572 3972 1910 671 7245 8761 969 6932 7392 9321 6513 1035 470 2510 1155 440 8948 6470 3043 176 4399
21 4003 611 5799 9273 9481 8610 3496 4019 6820 8933 5851 6362 6887 8354 5316 9501 5652 3012 8685 1306 6400
26 5212 9795 3047 4806 8530 1557 4007 2732 3098 3261 9812 5211 2694 1921 8590 6928 2283 3472 1919 1187 9058 911 1204 3797 7937 8717
22 5566 1963 6985 7785 300 7315 2477 938 8064 7560 9780 539 8512 8623 1347 6725 5671 1878 2819 7625 1619 8519
19 782 9712 4990 5962 6907 6864 3845 7009 9943 7720 4900 2144 1764 4174 4510 5294 1760 1089 7173
22 6352 7698 7034 1079 9242 5838 4441 3305 987 4472 3597 3494 2017 8526 8828 7511 1085 143 5551 207 7410 5571
22 3795 2245 8368 5584 5837 9151 8014 6848 6696 8108 163 3750 8357 1385 8230 6291 6148 418 2579 8927 2038 9811
21 8766 3616 8042 9209 8412 5260 8229 880 2546 1918 5098 4362 9672 8056 4753 1180 4192 5790 4218 6467 4185
23 9951 6425 3270 2952 5422 1587 5701 8493 1531 8534 5694 9894 2749 9664 9076 6014 5489 3248 3741 7268 7597 7374 9545
21 2967 7211 1733 9678 7041 7066 7516 9298 2042 5786 9456 4144 5840 6145 2136 3957 4977 3591 3954 9990 8321
