10010110001010000101111000001101
10101001000000101110011011001001
00011010000011110000110101011000
11110100101111111000100111111011
11100110111100111101110111000110
10100110010101110011011100010010
11100000110011101001011001010100
10000011110111011110100110111111
00001111010101111010001100000010
10111010100110000101110010111101
11011100101011101011111001011101
01101010111011000000111010110100
11100010000011101011110011000001
01011101101000000111111000011101
00010011001111011000011011011010
10110100101100010101110010101010
