3387
0 0 0 7
0 12 0 19
0 24 0 34
0 36 0 44
0 48 0 55
0 60 0 69
0 72 0 80
0 84 0 92
0 96 0 107
0 108 0 116
0 120 0 130
0 132 0 139
0 144 0 151
0 156 0 164
0 168 0 175
0 180 0 187
0 192 0 203
0 204 0 215
0 216 1 219
0 228 0 236
0 240 0 247
1 6 1 14
1 18 1 25
1 30 1 37
1 42 1 49
1 54 1 61
1 66 1 76
1 78 1 88
1 90 1 98
1 102 1 110
1 114 1 124
1 126 2 130
1 138 1 146
1 150 1 158
1 162 1 173
1 174 1 183
1 186 2 189
1 198 1 209
1 210 1 221
1 222 1 230
1 234 1 242
1 246 3 249
2 4 2 15
2 16 2 23
2 28 2 35
2 40 2 47
2 52 2 60
2 64 4 66
2 76 2 83
2 88 2 96
2 100 2 108
2 112 2 119
2 124 2 132
2 136 2 143
2 148 3 152
2 160 2 169
2 172 2 181
2 184 2 192
2 196 2 205
2 208 2 215
2 220 2 230
2 232 2 240
2 244 3 247
3 3 3 13
3 15 3 22
3 27 3 34
3 39 3 50
3 51 3 58
3 63 4 67
3 75 3 83
3 87 3 96
3 99 3 108
3 111 3 119
3 123 3 133
3 135 3 143
3 147 3 158
3 159 4 163
3 171 3 180
3 183 3 194
3 195 3 206
3 207 3 216
3 219 3 227
3 231 3 239
3 243 4 248
4 2 4 10
4 14 4 22
4 26 5 29
4 38 4 46
4 50 4 57
4 62 4 69
4 74 4 82
4 86 4 95
4 98 4 109
4 110 4 117
4 122 4 131
4 134 4 141
4 146 4 153
4 158 4 167
4 170 4 180
4 182 4 191
4 194 4 204
4 206 4 214
4 218 4 225
4 230 4 238
4 242 4 249
5 8 6 13
5 20 5 29
5 32 5 41
5 44 10 45
5 56 6 60
5 68 5 75
5 80 5 90
5 92 5 99
5 104 5 113
5 116 5 127
5 128 5 135
5 140 5 147
5 152 5 159
5 164 5 171
5 176 5 186
5 188 5 198
5 200 5 207
5 212 5 219
5 224 5 234
5 236 5 244
5 248 15 248
6 1 6 8
7 7 7 16
7 19 7 28
7 31 7 38
7 43 7 53
7 55 7 63
7 67 8 70
7 79 7 88
7 91 7 98
7 103 9 106
7 115 7 125
7 127 7 136
7 139 7 147
7 151 7 158
7 163 7 170
7 175 7 183
7 187 7 195
7 199 7 210
7 211 7 218
7 223 7 232
7 235 7 243
7 247 12 248
8 5 8 16
8 17 8 24
8 29 8 36
8 41 8 50
8 53 8 60
8 65 8 72
8 77 8 87
8 89 8 96
8 101 8 110
8 113 8 120
8 125 8 133
8 137 8 145
8 149 8 159
8 161 8 169
8 173 8 181
8 185 8 194
8 197 8 204
8 209 8 219
8 221 10 224
8 233 8 241
8 245 10 248
9 11 9 19
9 23 9 30
9 35 10 40
9 47 9 55
9 59 10 64
9 71 9 79
9 83 9 92
9 95 10 98
9 107 9 115
9 119 9 128
9 131 9 141
9 143 12 145
9 155 9 166
9 167 9 178
9 179 9 186
9 191 9 198
9 203 9 212
9 215 9 224
9 227 9 237
9 239 10 244
10 10 10 17
10 22 10 32
10 34 10 44
10 46 10 53
10 58 10 67
10 70 10 79
10 82 10 89
10 94 10 102
10 106 11 111
10 118 10 125
10 130 10 139
10 142 10 152
10 154 10 165
10 166 10 174
10 178 10 187
10 190 10 201
10 202 10 211
10 214 10 223
10 226 10 233
10 238 10 245
11 9 11 17
11 21 11 30
11 33 11 41
11 45 11 55
11 57 11 66
11 69 11 77
11 81 11 89
11 93 12 98
11 105 12 110
11 117 16 118
11 129 11 137
11 141 11 148
11 153 12 156
11 165 11 175
11 177 12 182
11 189 11 198
11 201 11 210
11 213 11 224
11 225 11 234
11 237 11 247
11 249 19 249
12 0 12 7
13 13 13 23
13 25 13 33
13 37 13 47
13 49 13 57
13 61 13 69
13 73 13 84
13 85 13 95
13 97 13 104
13 109 13 116
13 121 13 128
13 133 13 141
13 145 14 148
13 157 13 166
13 169 16 171
13 181 13 188
13 193 13 201
13 205 13 212
13 217 13 225
13 229 13 236
13 241 13 248
14 4 15 9
15 3 15 14
15 18 15 29
15 30 15 38
15 42 16 46
15 54 15 62
15 66 15 75
15 78 15 87
15 90 15 101
15 102 15 109
15 114 15 122
15 126 15 133
15 138 16 142
15 150 20 151
15 162 15 171
15 174 15 183
15 186 15 197
15 198 15 209
15 210 15 217
15 222 15 233
15 234 17 237
15 246 17 248
16 2 16 12
16 16 16 23
16 28 16 36
16 40 16 48
16 52 16 60
16 64 16 71
16 76 16 84
16 88 16 95
16 100 16 108
16 112 16 119
16 124 17 127
16 136 16 143
16 148 16 156
16 160 16 167
16 172 16 179
16 184 16 193
16 196 16 203
16 208 16 217
16 220 17 224
16 232 16 241
16 244 17 248
17 8 17 15
17 24 17 32
17 36 17 46
17 48 17 55
17 60 17 71
17 72 17 79
17 84 19 86
17 96 17 107
17 108 19 111
17 120 17 128
17 132 17 139
17 144 17 155
17 156 17 163
17 168 17 175
17 180 17 187
17 192 17 203
17 204 17 212
17 216 17 225
17 228 17 239
17 240 18 244
18 1 18 10
18 15 18 24
19 7 20 10
19 32 19 40
19 44 19 53
19 56 19 64
19 68 19 75
19 80 19 91
19 92 19 100
19 104 20 107
19 116 19 125
19 128 19 135
19 140 19 147
19 152 19 159
19 164 19 172
19 176 19 185
19 188 19 196
19 200 19 207
19 212 19 222
19 224 19 233
19 236 19 246
19 248 23 249
20 5 20 12
20 20 20 30
20 39 20 49
20 51 20 59
20 63 20 72
20 75 20 82
20 87 21 92
20 99 20 107
20 111 21 114
20 123 20 134
20 135 20 146
20 147 22 150
20 159 20 167
20 171 20 178
20 183 20 191
20 195 20 204
20 207 20 216
20 219 20 228
20 231 20 239
20 243 21 247
21 11 21 20
21 26 21 35
21 38 21 45
21 50 21 58
21 62 21 69
21 74 21 82
21 86 21 93
21 98 21 108
21 110 21 117
21 122 21 129
21 134 21 141
21 146 22 150
21 158 21 165
21 170 22 173
21 182 22 185
21 194 21 204
21 206 22 210
21 218 21 225
21 230 21 238
21 242 22 246
22 10 22 18
22 35 22 42
22 47 22 55
22 59 22 69
22 71 22 79
22 83 22 90
22 95 22 105
22 107 22 117
22 119 22 127
22 131 22 140
22 143 22 151
22 155 22 162
22 167 22 175
22 179 22 186
22 191 23 196
22 203 22 213
22 215 22 223
22 227 22 234
22 239 22 246
23 9 23 18
23 23 23 31
23 43 24 46
23 55 23 63
23 67 23 74
23 79 23 88
23 91 23 101
23 103 23 110
23 115 24 120
23 127 23 136
23 139 23 148
23 151 23 160
23 163 23 170
23 175 23 182
23 187 23 195
23 199 23 206
23 211 23 219
23 223 23 232
23 235 23 244
23 247 27 248
24 0 24 8
24 17 24 24
24 29 24 39
24 41 24 50
24 53 24 62
24 65 24 74
24 77 24 84
24 89 24 98
24 101 24 108
24 113 24 121
24 125 24 132
24 137 24 147
24 149 24 159
24 161 24 168
24 173 24 183
24 185 24 193
24 197 24 207
24 209 24 217
24 221 24 229
24 233 24 244
24 245 26 247
25 13 25 21
26 4 26 11
26 21 26 32
26 33 26 40
26 46 26 54
26 58 26 65
26 70 26 79
26 82 26 91
26 94 26 101
26 106 26 116
26 118 26 128
26 130 27 134
26 142 26 153
26 154 26 162
26 166 26 174
26 178 26 189
26 190 26 198
26 202 31 203
26 214 26 223
26 226 26 235
26 238 26 249
27 3 27 10
27 27 27 38
27 45 27 54
27 57 27 67
27 69 28 72
27 81 27 92
27 93 28 96
27 105 27 112
27 117 27 125
27 129 27 138
27 141 27 148
27 153 28 157
27 165 27 172
27 177 27 188
27 189 28 193
27 201 27 212
27 213 27 223
27 225 27 234
27 237 28 242
27 249 37 249
28 2 28 9
28 16 28 27
28 37 28 45
28 52 28 59
28 64 28 72
28 76 29 79
28 88 28 98
28 100 28 107
28 112 33 113
28 124 33 125
28 136 28 145
28 148 28 159
28 160 28 168
28 172 28 180
28 184 28 192
28 196 28 203
28 208 28 215
28 220 29 225
28 232 28 239
28 244 29 248
29 8 29 19
29 24 29 34
29 36 29 44
29 49 30 53
29 61 29 69
29 73 29 80
29 85 29 96
29 97 29 104
29 109 29 117
29 121 29 128
29 133 29 142
29 145 29 153
29 157 29 164
29 169 29 176
29 181 30 186
29 193 29 200
29 205 29 216
29 217 29 224
29 229 29 238
29 241 29 248
30 1 30 10
30 15 30 24
30 30 30 38
30 42 30 52
30 60 30 68
30 72 30 80
30 84 30 91
30 96 30 103
30 108 30 115
30 120 30 130
30 132 30 142
30 144 30 151
30 156 30 163
30 168 30 175
30 180 30 187
30 192 30 199
30 204 30 211
30 216 30 223
30 228 30 238
30 240 30 249
31 7 31 15
31 40 32 45
31 56 31 63
31 68 31 76
31 80 33 82
31 92 31 99
31 104 41 104
31 116 31 123
31 128 31 136
31 140 31 149
31 152 31 163
31 164 31 171
31 176 31 187
31 188 31 197
31 200 31 210
31 212 31 220
31 224 31 231
31 236 31 243
31 248 34 249
32 5 32 16
32 19 32 28
32 34 32 43
32 48 32 55
32 66 32 77
32 78 32 86
32 90 32 100
32 102 32 109
32 114 33 119
32 126 32 133
32 138 32 146
32 150 32 157
32 162 32 173
32 174 32 183
32 186 32 197
32 198 32 205
32 210 32 220
32 222 32 231
32 234 32 241
32 246 34 248
33 11 33 19
33 26 34 30
33 54 33 61
33 75 33 83
33 87 33 95
33 99 33 106
33 111 33 122
33 123 33 131
33 135 33 146
33 147 33 156
33 159 33 170
33 171 33 178
33 183 33 194
33 195 35 198
33 207 38 208
33 219 33 230
33 231 33 238
33 243 35 246
34 10 35 13
34 32 34 43
34 44 34 53
34 63 35 67
34 83 34 93
34 95 44 95
34 107 34 117
34 119 34 126
34 131 34 140
34 143 34 154
34 155 34 162
34 167 34 175
34 179 34 187
34 191 34 199
34 203 34 210
34 215 35 218
34 227 34 238
34 239 34 249
35 9 39 10
35 22 35 30
35 38 35 47
35 51 35 59
35 71 35 80
36 0 36 7
36 17 36 24
36 29 36 36
36 50 36 58
36 62 36 69
37 13 37 22
37 28 37 35
37 43 37 52
37 59 37 66
37 77 37 85
37 89 37 97
37 101 37 110
37 113 37 121
37 125 37 136
37 137 37 144
37 149 38 153
37 161 37 168
37 173 37 180
37 185 37 194
37 197 37 204
37 209 37 216
37 221 39 223
37 233 37 241
37 245 38 249
38 4 38 12
38 21 38 31
38 35 38 42
38 58 38 66
38 70 38 77
38 86 38 94
38 98 38 105
38 110 39 114
38 122 38 133
38 134 39 138
38 146 39 150
38 158 38 165
38 170 38 180
38 182 38 190
38 194 38 201
38 206 38 216
38 218 38 229
38 230 38 239
38 242 38 249
39 3 39 13
39 20 39 28
39 41 39 48
39 53 41 55
39 65 39 72
39 81 39 90
39 93 39 103
39 105 39 112
39 117 39 124
39 129 39 139
39 141 39 151
39 153 39 161
39 165 39 175
39 177 39 185
39 189 39 196
39 201 40 204
39 213 39 221
39 225 39 233
39 237 39 245
40 2 40 13
40 16 40 23
40 31 40 38
40 47 40 56
40 64 40 73
40 76 40 86
41 8 41 18
41 24 41 33
41 39 41 47
41 57 41 65
41 73 41 81
41 85 41 94
41 97 41 106
41 109 41 118
41 121 41 130
41 133 41 142
41 145 41 153
41 157 41 164
41 169 41 179
41 181 41 189
41 193 41 200
41 205 42 209
41 217 41 224
41 229 41 236
41 241 42 245
42 1 42 9
42 15 42 25
42 30 42 37
42 45 42 55
42 69 42 80
42 84 42 95
42 96 42 105
42 108 42 119
42 120 42 131
42 132 42 139
42 144 42 152
42 156 42 164
42 168 42 176
42 180 42 189
42 192 42 200
42 204 42 212
42 216 42 224
42 228 42 235
42 240 43 245
43 7 43 15
43 23 43 33
43 37 43 46
43 52 43 59
43 67 44 72
43 79 44 83
43 91 43 98
43 103 43 110
43 115 45 117
43 127 43 135
43 139 43 149
43 151 43 161
43 163 43 174
43 175 43 185
43 187 44 192
43 199 43 207
43 211 44 214
43 223 43 230
43 235 43 243
43 247 46 248
44 5 44 13
44 19 44 26
44 34 44 42
44 49 44 56
44 61 46 63
44 78 44 87
44 90 44 99
44 102 44 111
44 114 44 122
44 126 44 133
44 138 47 139
44 150 44 158
44 162 44 169
44 174 44 185
44 186 44 193
44 198 44 205
44 210 44 218
44 222 44 231
44 234 44 245
44 246 45 249
45 11 45 18
45 27 45 35
45 42 45 50
45 56 45 64
45 72 45 80
45 87 45 97
45 99 45 106
45 111 45 119
45 123 45 131
45 135 45 144
45 147 45 156
45 159 45 166
45 171 45 178
45 183 45 193
45 195 45 204
45 207 46 210
45 219 45 228
45 231 45 240
45 243 46 248
46 10 46 18
46 26 46 36
46 48 47 51
46 66 46 73
46 82 46 92
46 94 46 101
46 106 54 106
46 118 46 128
46 130 46 141
46 142 46 150
46 154 46 164
46 166 46 174
46 178 46 186
46 190 46 200
46 202 46 210
46 214 46 223
46 226 46 233
46 238 46 247
47 9 47 17
47 22 47 31
47 40 47 47
47 54 47 64
48 0 49 5
48 17 48 27
48 32 48 40
48 46 48 53
48 60 51 62
48 75 48 83
48 249 59 249
49 13 49 24
49 29 49 39
49 44 49 52
49 59 51 61
49 71 49 79
49 89 49 96
49 101 49 110
49 113 49 124
49 125 49 132
49 137 49 145
49 149 49 157
49 161 49 168
49 173 49 180
49 185 52 186
49 197 49 206
49 209 49 218
49 221 51 224
49 233 49 241
49 245 50 249
50 4 51 8
50 21 50 29
50 36 50 45
50 50 50 59
50 68 50 77
50 80 50 88
50 98 50 108
50 110 50 120
50 122 50 133
50 134 50 141
50 146 50 156
50 158 50 165
50 170 50 177
50 182 50 190
50 194 50 204
50 206 50 213
50 218 50 225
50 230 50 237
50 242 51 247
51 3 51 10
51 20 51 27
51 35 51 42
51 58 53 60
51 86 51 95
51 105 51 114
51 117 51 125
51 129 51 136
51 141 51 151
51 153 51 164
51 165 51 174
51 177 51 184
51 189 51 198
51 201 51 208
51 213 51 220
51 225 51 232
51 237 51 245
52 2 52 9
52 16 53 20
52 28 52 37
52 43 52 51
52 64 53 68
52 77 52 84
52 92 52 103
52 104 52 111
52 116 52 125
52 128 53 133
52 140 52 147
52 152 52 161
52 164 52 172
52 176 53 180
52 188 57 189
52 200 52 207
52 212 52 220
52 224 52 234
52 248 56 249
53 8 53 18
53 24 53 33
53 39 53 48
53 53 53 60
53 73 53 83
53 85 53 94
53 236 53 244
54 1 54 9
54 15 54 24
54 33 54 40
54 47 54 54
54 62 54 73
54 83 54 92
54 96 54 107
54 108 55 113
54 120 54 131
54 132 54 140
54 144 54 151
54 156 54 165
54 168 54 176
54 180 54 189
54 192 54 200
54 204 54 215
54 216 55 220
54 228 54 239
54 244 55 248
55 7 55 15
55 23 55 33
55 57 55 67
55 70 55 81
55 91 55 98
55 103 55 110
55 115 56 118
55 127 55 134
55 139 55 150
55 151 55 158
55 163 55 171
55 175 55 185
55 187 55 197
55 199 57 201
55 211 55 218
55 223 57 225
55 235 55 244
56 5 56 16
56 19 57 24
56 31 56 40
56 45 56 52
56 67 56 77
56 79 56 87
56 100 56 107
56 112 56 119
56 124 56 133
56 136 56 146
56 148 56 155
56 160 56 167
56 172 58 175
56 184 56 191
56 196 57 200
56 208 56 216
56 220 56 230
56 232 57 237
57 11 57 19
57 27 57 34
57 41 58 46
57 55 57 63
57 76 57 85
57 88 57 96
57 107 57 118
57 119 57 126
57 131 57 140
57 143 57 154
57 155 57 165
57 167 57 175
57 179 57 186
57 191 57 198
57 203 57 212
57 215 57 223
57 227 57 236
57 239 57 248
58 10 58 20
58 26 58 34
58 38 58 45
58 51 58 62
58 65 58 72
58 87 58 96
58 99 58 108
58 118 58 126
58 130 60 133
58 142 58 153
58 154 58 161
58 166 58 175
58 178 58 185
58 190 58 197
58 202 58 210
58 214 58 221
58 226 58 234
58 238 58 245
59 9 59 16
59 22 59 30
59 37 59 44
59 49 59 56
59 61 59 71
59 74 59 82
59 93 59 100
59 106 59 113
59 246 61 249
60 0 61 3
60 17 60 26
60 30 60 40
60 48 60 56
60 60 60 69
60 72 60 79
60 84 60 92
60 114 65 115
60 126 60 135
60 138 60 145
60 150 60 157
60 162 60 169
60 174 60 183
60 186 60 197
60 198 61 203
60 210 60 218
60 222 60 229
60 234 60 242
61 13 61 21
61 29 62 33
61 44 61 51
61 59 61 67
61 71 61 82
61 90 61 97
61 102 61 110
61 121 61 129
61 133 61 140
61 145 61 156
61 157 61 165
61 169 61 178
61 181 61 191
61 193 61 200
61 205 61 214
61 217 61 226
61 229 62 232
61 241 62 245
62 4 62 12
62 21 62 28
62 36 62 44
62 54 62 61
62 68 63 71
62 80 62 91
62 97 63 101
62 109 62 118
62 249 69 249
63 3 63 14
63 20 63 30
63 34 63 41
63 63 65 66
63 78 64 83
63 95 63 105
63 117 63 125
63 129 63 136
63 141 66 143
63 153 63 161
63 165 63 176
63 177 65 180
63 189 63 196
63 201 63 211
63 213 63 220
63 225 63 233
63 237 63 248
64 2 75 2
64 16 64 23
64 28 64 38
64 40 64 47
64 52 64 59
64 77 65 81
64 89 64 96
64 101 64 112
64 113 64 121
64 125 64 134
64 137 64 144
64 149 64 159
64 161 64 168
64 173 64 181
64 185 64 196
64 197 64 204
64 209 65 212
64 221 64 231
64 233 66 235
64 245 65 249
65 8 65 15
65 24 65 32
65 39 65 47
65 58 65 65
65 75 65 82
65 123 65 131
65 135 65 143
65 147 65 154
65 159 65 167
65 171 65 178
65 183 65 191
65 195 65 205
65 207 65 215
65 219 65 229
65 231 65 240
65 243 66 246
66 1 66 11
66 15 66 23
66 32 66 39
66 46 66 57
66 66 68 69
66 82 66 89
66 94 66 103
66 108 66 117
66 120 66 128
66 132 66 139
66 144 66 153
66 156 66 163
66 168 66 176
66 180 66 190
66 192 67 196
66 204 66 212
66 216 66 223
66 228 66 235
66 240 66 248
67 7 67 15
67 23 67 32
67 43 67 53
67 56 67 64
67 73 71 74
67 92 67 103
67 104 67 112
67 116 67 123
67 128 67 135
67 140 67 147
67 152 67 161
67 164 68 169
67 176 68 179
67 188 67 195
67 200 67 207
67 212 67 219
67 224 68 227
67 236 67 244
67 248 71 249
68 5 68 15
68 19 68 28
68 31 69 34
68 50 68 57
68 62 68 71
68 81 69 86
68 98 68 106
68 112 68 120
68 127 69 131
68 139 68 146
68 151 69 154
68 163 68 171
68 175 71 177
68 187 68 195
68 199 68 207
68 211 68 218
68 223 68 232
68 235 68 243
68 247 71 249
69 11 69 22
69 27 69 38
69 42 69 50
69 69 69 77
69 88 70 93
69 111 70 114
70 10 70 18
70 26 70 35
70 38 70 46
70 55 70 62
70 79 70 88
70 96 70 104
70 110 70 118
70 122 70 130
70 134 70 143
70 146 70 153
70 158 71 162
70 170 70 180
70 182 70 192
70 194 70 203
70 206 70 214
70 218 70 227
70 230 72 233
70 242 70 249
71 9 71 18
71 22 72 27
71 35 71 42
71 49 71 57
71 61 71 68
71 76 71 85
71 103 71 110
71 118 71 128
71 130 71 138
71 142 71 149
71 154 71 163
71 166 71 175
71 178 71 189
71 190 71 197
71 202 72 206
71 214 72 219
71 226 71 236
71 238 71 247
72 0 72 11
72 17 72 26
72 30 72 38
72 45 72 55
72 60 72 70
72 72 72 80
72 84 72 93
72 100 72 107
72 114 72 122
72 126 72 134
72 138 72 147
72 150 74 152
72 162 72 170
72 174 72 181
72 186 72 194
72 198 72 206
72 210 72 217
72 222 72 230
72 234 72 241
72 246 74 248
73 13 73 20
73 29 73 38
73 41 73 52
73 53 73 62
73 67 73 78
73 83 73 94
73 107 73 115
74 4 74 12
74 21 74 28
74 59 74 67
74 90 74 101
74 106 74 115
74 121 74 129
74 133 74 142
74 145 74 154
74 157 74 167
74 169 74 177
74 181 74 188
74 193 74 202
74 205 74 213
74 217 75 220
74 229 74 237
74 241 75 246
75 3 75 11
75 20 76 24
75 33 75 42
75 48 75 55
75 65 75 74
75 78 75 85
75 99 76 104
75 117 75 125
75 129 75 137
75 141 75 149
75 153 79 154
75 165 75 174
75 177 75 184
75 189 75 197
75 201 75 210
75 213 75 221
75 225 75 234
75 237 76 242
75 249 82 249
76 2 76 9
76 16 76 24
76 28 76 36
76 40 77 45
76 57 76 67
76 71 76 79
76 86 76 97
76 105 76 113
76 125 76 133
76 137 76 144
76 149 76 156
76 161 76 172
76 173 77 177
76 185 76 193
76 197 76 204
76 209 76 216
76 221 76 229
76 233 76 241
76 245 78 248
77 8 77 18
77 24 77 32
77 37 77 44
77 52 77 60
77 64 77 71
77 77 77 84
77 93 77 100
77 124 77 131
77 136 78 140
77 148 82 149
77 160 77 167
77 172 77 180
77 184 78 189
77 196 77 204
77 208 79 210
77 220 77 227
77 232 77 242
77 244 78 247
78 1 79 6
78 15 78 22
78 32 78 40
78 44 78 52
78 63 78 70
78 75 78 83
78 102 78 110
78 115 78 126
78 132 78 140
78 144 79 148
78 156 78 163
78 168 78 175
78 180 78 187
78 192 78 202
78 204 78 211
78 216 78 225
78 228 78 235
78 240 78 248
79 7 81 9
79 23 79 30
79 43 79 50
79 56 79 65
79 70 84 71
79 82 79 92
79 97 79 104
79 109 79 118
79 123 79 132
79 140 79 147
79 152 80 156
79 164 79 171
79 176 79 184
79 188 79 195
79 200 79 211
79 212 79 220
79 224 79 231
79 236 79 243
79 248 84 249
80 5 80 14
80 19 80 29
80 31 80 38
80 50 80 59
80 62 81 66
80 80 80 91
80 92 80 102
80 108 80 116
80 120 80 128
80 139 80 146
80 151 80 160
80 163 80 174
80 175 80 184
80 187 80 198
80 199 80 209
80 211 80 219
80 223 80 232
80 235 82 238
80 247 83 249
81 11 81 18
81 27 81 35
81 39 81 46
81 68 82 71
81 88 81 96
81 101 81 108
81 119 81 128
81 131 81 141
81 147 88 147
81 159 81 168
81 171 81 179
81 183 81 191
81 207 81 214
81 219 81 229
81 231 82 234
81 243 82 246
82 10 82 18
82 26 82 33
82 46 82 53
82 66 82 74
82 79 83 84
82 96 82 104
82 112 82 122
82 127 82 137
82 143 82 152
82 155 83 158
82 167 82 174
82 179 82 187
82 191 82 199
82 203 82 210
82 215 82 226
82 227 82 237
82 239 82 249
83 9 83 16
83 22 83 29
83 34 83 42
83 54 83 61
83 73 83 84
83 85 83 92
83 111 83 119
83 135 83 143
83 154 84 158
83 166 83 176
83 178 83 185
83 190 83 199
83 202 84 206
83 214 83 222
83 226 83 233
83 238 83 245
84 0 84 11
84 17 84 28
84 30 85 35
84 42 84 49
84 60 85 65
84 72 84 79
84 84 84 94
84 100 84 107
84 118 84 129
84 134 84 141
84 150 84 157
84 162 84 169
84 174 84 182
84 186 84 194
84 198 87 200
84 210 84 220
84 222 88 223
84 234 84 241
84 246 85 249
85 13 85 22
85 29 85 37
85 41 85 52
85 53 85 61
85 83 86 87
85 95 85 105
85 107 86 112
85 126 85 135
85 142 85 150
85 158 85 168
85 170 85 179
85 182 85 189
85 194 85 201
85 206 85 213
85 218 85 226
85 230 85 238
85 242 85 249
86 4 86 13
86 21 86 28
86 38 86 45
86 51 86 58
86 76 86 86
86 90 86 98
86 104 86 113
86 116 86 125
86 133 86 140
86 157 86 168
86 169 86 180
86 181 86 188
86 193 86 203
86 205 86 213
86 217 87 221
86 229 86 237
86 241 87 245
87 3 87 11
87 20 87 28
87 33 87 40
87 45 87 52
87 58 87 66
87 87 87 95
87 99 87 108
87 114 88 117
87 130 87 141
87 146 87 156
87 165 87 174
87 177 87 186
87 189 87 199
87 201 87 212
87 213 87 223
87 225 87 234
87 237 87 246
87 249 97 249
88 2 88 9
88 16 88 27
88 28 88 39
88 57 88 67
88 69 88 77
88 81 88 89
88 94 88 102
88 110 88 118
88 122 88 129
88 137 88 144
88 153 89 156
88 173 88 184
88 185 88 193
88 197 88 204
88 209 88 219
88 221 88 230
88 233 88 242
88 245 89 248
89 8 91 10
89 24 89 33
89 37 89 46
89 49 92 51
89 64 89 72
89 93 90 97
89 121 89 128
89 136 89 144
89 160 89 168
89 172 90 176
89 184 89 192
89 196 89 205
89 208 89 219
89 220 89 229
89 232 89 240
89 244 90 247
90 1 90 11
90 15 90 26
90 32 90 39
90 44 90 51
90 61 90 69
90 74 90 82
90 86 90 95
90 102 90 110
90 128 90 138
90 144 91 149
90 168 90 175
90 180 90 188
90 192 90 200
90 204 90 214
90 216 91 219
90 228 90 237
90 240 91 244
91 7 91 14
91 23 91 32
91 43 91 51
91 55 91 63
91 97 91 104
91 109 91 117
91 125 91 133
91 140 91 147
91 152 94 154
91 164 91 173
91 176 92 181
91 188 91 198
91 200 91 210
91 212 92 217
91 224 91 232
91 236 91 246
91 248 94 249
92 5 92 16
92 19 93 23
92 31 92 39
92 52 92 62
92 67 92 76
92 80 92 87
92 92 92 100
92 106 92 115
92 120 92 131
92 132 92 139
92 148 92 155
92 163 92 170
92 175 92 183
92 187 92 195
92 199 92 207
92 211 92 218
92 223 94 226
92 235 92 243
92 247 95 248
93 11 93 19
93 27 93 35
93 39 93 47
93 59 93 67
93 77 93 88
93 89 93 97
93 101 93 109
93 113 93 120
93 131 93 139
93 147 93 157
93 159 93 167
93 171 93 181
93 183 93 194
93 195 93 202
93 207 93 215
93 219 93 226
93 231 93 239
93 243 94 247
94 10 94 18
94 26 95 30
94 46 94 54
94 66 94 74
94 88 94 95
94 112 94 120
94 124 94 133
94 138 94 145
94 155 94 166
94 167 94 175
94 179 94 187
94 191 94 201
94 203 94 212
94 215 94 225
94 227 94 234
94 239 94 247
95 9 95 16
95 22 95 31
95 34 96 38
95 63 95 70
95 85 95 93
95 105 95 112
95 119 95 127
95 135 95 144
95 151 95 159
95 166 95 173
95 178 96 182
95 190 95 197
95 202 95 209
95 214 95 223
95 226 95 235
95 238 95 246
96 0 96 9
96 17 96 24
96 30 97 35
96 42 96 49
96 54 96 64
96 70 96 79
96 82 96 92
96 96 96 103
96 111 97 116
96 129 96 138
96 143 96 153
96 162 96 170
96 174 96 181
96 186 96 193
96 198 96 207
96 210 96 221
96 222 96 229
96 234 96 241
96 246 97 249
97 13 97 20
97 29 98 32
97 41 97 48
97 62 97 70
97 79 97 86
97 91 97 102
97 103 98 107
97 117 97 124
97 141 97 148
97 158 97 165
97 170 97 178
97 182 97 189
97 194 97 204
97 206 97 215
97 218 97 225
97 230 97 240
97 242 98 247
98 4 98 13
98 21 98 31
98 38 98 46
98 50 98 58
98 68 98 75
98 100 98 109
98 115 98 125
98 127 98 135
98 149 98 156
98 169 98 176
98 181 98 189
98 193 98 200
98 205 98 214
98 217 98 228
98 229 98 236
98 241 98 248
99 3 100 6
99 20 99 30
99 33 99 43
99 45 99 52
99 58 99 69
99 75 99 84
99 87 99 96
99 99 99 106
99 114 99 124
99 126 99 134
99 146 99 153
99 165 99 176
99 177 99 185
99 189 101 192
99 201 99 210
99 213 101 216
99 225 99 235
99 237 102 239
100 2 100 11
100 16 100 27
100 28 100 37
100 56 100 63
100 72 100 80
100 84 100 93
100 98 100 105
100 110 100 121
100 122 100 129
100 134 100 144
100 153 100 160
100 173 100 180
100 185 100 192
100 197 100 206
100 209 100 219
100 221 100 230
100 233 100 241
100 245 101 248
101 8 101 16
101 24 101 32
101 37 101 45
101 49 101 58
101 64 101 73
101 81 101 88
101 93 101 100
101 107 101 115
101 121 101 129
101 133 101 141
101 145 102 149
101 160 102 163
101 172 101 180
101 184 102 188
101 196 101 204
101 208 101 217
101 220 102 224
101 232 101 240
101 244 102 248
102 1 102 10
102 15 102 22
102 32 102 40
102 44 102 52
102 61 103 64
102 78 102 86
102 90 102 99
102 102 105 104
102 130 102 137
102 144 102 154
102 157 102 165
102 180 102 187
102 192 103 196
102 204 102 212
102 216 102 224
102 228 102 237
102 240 102 247
103 7 103 14
103 23 103 32
103 43 103 51
103 55 103 63
103 71 103 78
103 97 104 101
103 118 104 123
103 137 103 145
103 152 103 162
103 164 103 172
103 176 104 180
103 188 104 192
103 200 103 208
103 212 103 219
103 224 103 232
103 236 103 243
103 248 107 249
104 5 104 16
104 19 104 30
104 31 104 40
104 52 104 59
104 67 105 71
104 86 104 94
104 106 104 115
104 125 104 132
104 148 104 156
104 163 104 170
104 175 104 184
104 187 104 198
104 199 104 207
104 211 104 219
104 223 104 232
104 235 104 243
104 247 107 248
105 11 105 20
105 27 105 38
105 39 105 48
105 51 105 59
105 76 105 84
105 95 105 104
105 113 105 123
105 136 105 144
105 156 105 165
105 171 105 178
105 183 106 186
105 195 105 204
105 207 105 214
105 219 106 222
105 231 105 239
105 243 106 248
106 10 108 13
106 26 106 33
106 46 106 53
106 59 108 62
106 74 106 84
106 92 106 99
106 104 106 111
106 123 106 130
106 142 106 153
106 155 106 166
106 167 108 170
106 179 106 186
106 191 106 198
106 203 108 206
106 215 106 224
106 227 106 235
106 239 106 247
107 9 107 18
107 22 108 25
107 34 107 41
107 57 107 66
107 73 107 80
107 85 107 93
107 101 107 110
107 120 107 127
107 132 107 141
107 151 107 161
107 166 107 176
107 178 107 185
107 190 108 194
107 202 107 209
107 214 107 221
107 226 107 234
107 238 107 246
108 0 108 9
108 17 108 24
108 30 110 32
108 42 108 49
108 54 108 61
108 66 108 73
108 80 108 88
108 108 108 116
108 128 109 133
108 140 108 148
108 159 108 168
108 174 108 182
108 186 108 194
108 198 109 201
108 210 108 218
108 222 108 229
108 234 108 243
108 246 111 247
109 13 109 20
109 29 109 37
109 41 109 48
109 62 109 69
109 79 109 89
109 91 109 99
109 116 109 127
109 138 109 145
109 150 109 157
109 170 109 179
109 182 109 189
109 194 110 199
109 206 109 216
109 218 110 223
109 230 109 238
109 242 110 246
110 4 110 13
110 21 110 28
110 38 110 45
110 50 110 57
110 70 110 77
110 88 110 96
110 100 111 104
110 112 110 119
110 127 110 134
110 147 111 151
110 169 110 176
110 181 110 189
110 193 110 200
110 205 110 212
110 217 110 224
110 229 113 231
110 241 110 248
111 3 112 6
111 20 111 28
111 33 111 42
111 45 111 53
111 69 111 79
111 83 111 92
111 96 111 103
111 111 111 118
111 126 111 135
111 146 111 155
111 158 112 162
111 177 111 185
111 189 111 197
111 201 111 208
111 213 111 224
111 225 111 232
111 237 111 247
111 249 119 249
112 2 112 10
112 16 113 20
112 28 113 33
112 56 112 67
112 68 112 78
112 82 112 90
112 94 113 97
112 110 112 120
112 122 112 130
112 134 112 141
112 153 112 164
112 165 112 173
112 185 112 195
112 197 114 199
112 209 112 216
112 221 112 229
112 233 112 241
112 245 114 247
113 8 113 19
113 24 113 33
113 37 114 41
113 49 113 59
113 64 113 71
113 77 113 87
113 93 113 103
113 105 114 108
113 119 113 126
113 131 113 140
113 143 113 152
113 162 113 170
113 184 113 191
113 196 113 206
113 208 113 216
113 220 113 227
113 232 113 239
113 244 114 247
114 1 114 11
114 15 114 22
114 32 114 39
114 44 116 46
114 60 114 68
114 72 114 79
114 87 114 96
114 99 114 108
114 114 114 122
114 129 114 139
114 141 114 151
114 157 114 165
114 172 114 179
114 192 114 200
114 204 114 211
114 216 114 226
114 228 115 232
114 240 115 243
115 7 115 16
115 23 115 31
115 43 115 52
115 55 115 64
115 81 115 89
115 98 115 105
115 137 115 146
115 149 115 156
115 168 115 179
115 180 115 189
115 200 116 204
115 212 115 222
115 224 115 232
115 236 118 237
115 248 119 249
116 5 116 14
116 19 117 23
116 31 116 40
116 52 116 61
116 67 116 77
116 109 116 116
116 124 116 131
116 148 116 155
116 161 116 169
116 176 116 185
116 188 116 195
116 211 116 220
116 223 117 228
116 235 117 238
116 247 118 249
117 11 117 18
117 27 118 32
117 39 117 47
117 51 117 60
117 63 117 71
117 75 117 82
117 90 117 100
117 102 117 110
117 117 117 128
117 133 117 142
117 145 117 154
117 160 117 169
117 175 117 184
117 187 117 195
117 199 117 210
117 219 117 228
117 231 117 241
117 243 118 248
118 10 118 18
118 26 118 33
118 46 118 55
118 58 118 67
118 71 118 78
118 84 119 88
118 97 118 105
118 113 118 121
118 152 118 159
118 167 118 175
118 183 118 192
118 195 118 203
118 207 118 216
118 227 119 230
118 239 118 246
119 9 119 16
119 22 119 29
119 34 120 39
119 57 119 66
119 95 119 102
119 107 120 111
119 121 119 128
119 139 119 146
119 151 120 154
119 164 119 175
119 179 119 186
119 191 119 200
119 203 119 210
119 215 119 224
119 238 119 249
120 0 120 8
120 17 120 26
120 30 120 37
120 42 120 52
120 54 120 63
120 66 120 74
120 78 120 87
120 101 120 110
120 120 120 129
120 132 120 139
120 159 120 170
120 171 120 180
120 190 120 199
120 202 120 209
120 214 120 223
120 226 120 233
120 246 121 249
121 13 121 23
121 29 121 40
121 41 121 50
121 61 121 68
121 74 122 79
121 89 121 100
121 116 121 125
121 128 123 130
121 144 122 147
121 156 121 166
121 170 121 177
121 186 121 196
121 198 122 201
121 210 122 214
121 222 121 233
121 234 121 242
122 4 125 6
122 21 122 28
122 38 122 47
122 50 122 59
122 70 122 78
122 86 122 95
122 100 122 110
122 112 122 123
122 125 122 134
122 138 122 147
122 150 122 157
122 163 122 173
122 178 124 181
122 194 122 201
122 206 122 217
122 218 122 228
122 230 122 241
122 242 123 247
123 3 123 14
123 20 127 21
123 33 123 44
123 45 123 52
123 65 123 72
123 83 123 94
123 106 123 116
123 123 124 126
123 135 123 146
123 169 123 177
123 193 123 200
123 205 123 213
123 217 123 227
123 229 123 239
123 241 124 245
124 2 126 4
124 16 125 19
124 28 124 38
124 56 125 60
124 80 124 90
124 92 124 103
124 104 124 115
124 134 124 142
124 147 124 156
124 177 124 186
124 189 125 192
124 201 124 208
124 213 124 224
124 225 124 236
124 237 124 244
124 249 133 249
125 8 125 17
125 24 125 33
125 37 125 48
125 49 126 53
125 64 126 68
125 76 125 84
125 91 125 98
125 103 125 113
125 115 128 117
125 130 125 138
125 142 126 146
125 154 125 161
125 166 125 173
125 184 125 193
125 197 125 208
125 209 125 217
125 221 125 232
125 233 125 240
125 245 135 245
126 1 126 12
126 15 126 23
126 32 126 40
126 44 126 53
126 60 126 71
126 72 126 83
126 88 130 89
126 110 126 121
126 122 127 127
126 140 126 147
126 153 126 163
126 165 126 172
126 181 126 189
126 196 126 204
126 208 126 215
126 220 126 227
126 232 126 242
126 244 127 248
127 7 127 17
127 23 127 30
127 43 127 52
127 55 127 65
127 68 127 76
127 85 128 88
127 98 127 105
127 119 127 128
127 137 127 144
127 162 127 170
127 174 127 181
127 192 128 196
127 204 127 214
127 216 127 223
127 228 127 238
127 240 127 249
128 5 128 12
128 19 128 28
128 31 128 39
128 52 128 62
128 67 130 70
128 79 128 87
128 94 128 102
128 108 128 118
128 126 128 134
128 146 128 154
128 158 129 163
128 172 128 180
128 188 128 196
128 200 129 204
128 212 128 222
128 224 129 228
128 236 128 246
128 248 133 249
129 11 129 21
129 27 129 35
129 39 129 49
129 51 129 60
129 63 129 73
129 75 131 78
129 102 129 109
129 114 129 122
129 133 130 138
129 145 131 148
129 157 129 166
129 180 129 190
129 199 129 207
129 211 129 219
129 223 129 232
129 235 129 244
129 247 132 248
130 10 130 18
130 26 130 33
130 46 130 54
130 58 130 65
130 71 133 73
130 84 130 94
130 113 139 113
130 152 130 160
130 168 131 173
130 187 130 196
130 207 130 216
130 219 130 226
130 231 130 240
130 243 131 248
131 9 132 13
131 22 131 30
131 34 131 45
131 57 131 65
131 82 131 89
131 97 131 105
131 121 132 125
131 139 131 147
131 151 131 159
131 164 133 167
131 176 132 181
131 195 131 202
131 215 131 223
131 227 131 234
131 239 132 242
132 0 132 8
132 17 132 28
132 30 132 37
132 42 132 52
132 54 132 61
132 66 132 74
132 78 132 87
132 90 132 99
132 105 132 112
132 117 132 125
132 129 132 138
132 148 132 157
132 160 133 163
132 183 133 186
132 202 132 209
132 214 132 221
132 226 132 234
132 238 133 242
133 13 133 23
133 29 133 36
133 41 133 48
133 61 133 70
133 74 134 78
133 87 133 96
133 101 133 109
133 116 133 127
133 128 133 135
133 143 133 150
133 155 133 165
133 171 133 178
133 190 133 201
133 210 133 220
133 222 133 232
133 234 133 242
133 246 135 249
134 4 135 8
134 25 134 35
134 38 134 46
134 50 134 60
134 70 134 78
134 86 134 93
134 100 134 109
134 112 134 119
134 124 135 127
134 136 135 140
134 167 138 168
134 179 134 189
134 198 142 198
134 218 134 227
134 230 134 239
134 242 143 242
135 3 136 6
135 20 135 28
135 33 140 34
135 45 135 53
135 65 135 75
135 81 135 91
135 93 135 101
135 109 135 117
135 123 138 125
135 135 135 145
135 159 135 167
135 175 135 182
135 194 135 205
135 206 135 214
135 229 135 238
135 241 136 244
136 2 139 4
136 16 138 18
136 56 136 63
136 77 136 84
136 92 136 99
136 104 137 107
136 120 136 131
136 132 136 141
136 147 136 158
136 185 136 192
136 205 136 214
136 217 136 224
136 237 136 244
136 249 144 249
137 8 137 18
137 24 137 32
137 37 137 47
137 49 137 56
137 64 137 73
137 76 137 83
137 89 138 92
137 103 138 108
137 115 139 118
137 127 137 134
137 141 137 148
137 154 137 162
137 166 137 173
137 182 137 191
137 201 137 209
137 213 137 222
137 225 137 232
137 245 138 249
138 1 138 10
138 15 138 26
138 32 138 43
138 44 138 52
138 60 138 70
138 72 138 82
138 96 141 98
138 138 139 141
138 153 138 161
138 165 138 174
138 178 138 185
138 193 140 196
138 209 138 218
138 221 138 231
138 233 138 241
139 7 140 12
139 23 139 32
139 43 139 52
139 55 139 62
139 68 139 76
139 80 139 87
139 95 141 98
139 107 139 114
139 119 139 128
139 131 139 140
139 150 139 161
139 162 139 170
139 174 139 181
139 189 139 198
139 208 139 215
139 220 140 225
139 232 139 242
139 244 140 248
140 5 140 16
140 19 140 28
140 31 140 41
140 52 142 54
140 67 140 75
140 79 140 90
140 106 140 113
140 118 140 125
140 130 140 137
140 144 140 155
140 158 142 161
140 170 140 178
140 188 140 198
140 200 140 209
140 216 140 224
140 228 140 238
140 240 140 247
141 11 141 21
141 27 141 36
141 39 141 48
141 51 141 58
141 63 141 74
141 75 141 84
141 88 141 95
141 102 141 109
141 114 141 121
141 126 141 134
141 156 141 167
141 169 141 177
141 181 141 188
141 196 141 204
141 212 141 221
141 224 141 232
141 236 141 244
141 248 145 249
142 10 142 18
142 26 142 33
142 46 143 50
142 58 142 66
142 71 142 81
142 83 142 90
142 98 142 106
142 110 142 118
142 122 142 129
142 134 142 144
142 149 142 159
142 168 142 175
142 180 144 183
142 192 142 200
142 204 142 214
142 223 142 230
142 235 142 243
142 247 145 249
143 9 143 16
143 22 143 30
143 34 143 43
143 57 144 62
143 82 143 89
143 94 143 105
143 121 143 129
143 133 143 142
143 161 143 169
143 176 143 183
143 191 143 202
143 203 143 210
143 219 143 229
143 231 143 240
143 243 144 248
144 0 144 8
144 17 144 27
144 30 144 37
144 42 144 52
144 54 144 63
144 66 144 73
144 78 144 87
144 91 144 99
144 105 144 116
144 117 144 127
144 129 144 136
144 142 144 150
144 160 144 167
144 172 144 182
144 184 144 192
144 199 144 208
144 211 145 215
144 227 145 230
144 239 144 246
145 13 146 17
145 29 145 36
145 41 145 52
145 61 147 64
145 74 145 81
145 87 145 97
145 101 145 108
145 113 146 118
145 125 145 132
145 137 145 145
145 152 146 155
145 183 145 192
145 195 145 203
145 207 145 214
145 226 145 236
145 238 145 245
146 4 146 11
146 21 146 30
146 38 146 45
146 50 146 58
146 70 146 77
146 85 146 94
146 97 147 102
146 112 146 120
146 124 146 133
146 136 146 145
146 148 146 155
146 164 146 173
146 179 146 188
146 215 146 224
146 234 146 241
146 246 148 249
147 3 147 13
147 20 147 31
147 33 147 41
147 45 147 56
147 65 147 73
147 81 147 91
147 108 147 116
147 145 150 147
147 157 147 164
147 171 148 175
147 187 147 194
147 202 147 209
147 214 148 218
147 230 147 238
147 242 151 243
148 2 148 9
148 16 148 23
148 28 148 36
148 56 148 63
148 77 148 84
148 90 149 93
148 104 148 111
148 116 148 124
148 128 151 130
148 140 148 148
148 155 150 158
148 186 148 195
148 198 149 201
148 210 148 218
148 222 148 230
148 241 148 249
149 8 149 15
149 24 149 31
149 37 150 40
149 49 149 56
149 64 149 73
149 76 149 83
149 89 149 96
149 103 149 113
149 115 149 124
149 127 150 132
149 139 149 146
149 151 149 158
149 163 149 170
149 175 149 186
149 194 149 202
149 206 149 214
149 218 149 228
149 237 149 247
149 249 159 249
150 1 150 12
150 15 150 24
150 32 150 41
150 44 150 53
150 60 150 69
150 72 150 82
150 84 150 95
150 96 150 103
150 111 151 115
150 123 150 130
150 135 150 144
150 182 150 192
150 205 150 215
150 217 150 224
150 229 151 233
150 245 153 247
151 7 151 15
151 23 151 32
151 43 151 51
151 55 152 60
151 68 151 76
151 80 151 89
151 93 151 102
151 107 151 114
151 119 151 126
151 131 151 139
151 143 151 150
151 159 151 166
151 173 152 177
151 189 151 196
151 201 151 211
151 213 151 222
151 225 151 233
151 244 152 247
152 5 152 12
152 19 152 30
152 31 152 41
152 52 152 59
152 67 152 77
152 79 152 89
152 92 153 95
152 106 152 116
152 118 152 125
152 130 152 141
152 150 154 153
152 166 152 173
152 197 152 207
152 209 152 217
152 221 153 225
152 233 152 243
153 11 153 19
153 27 154 30
153 39 153 46
153 51 153 58
153 63 153 70
153 75 154 80
153 88 153 99
153 100 153 108
153 114 153 122
153 126 153 133
153 138 153 149
153 158 153 167
153 177 153 186
153 193 153 200
153 208 153 218
153 220 153 228
153 232 153 243
153 248 156 249
154 10 155 13
154 26 161 26
154 46 154 56
154 58 154 67
154 71 154 78
154 83 159 84
154 98 154 105
154 110 154 117
154 122 154 132
154 134 154 145
154 146 154 156
154 165 154 175
154 185 155 188
154 204 154 214
154 216 154 224
154 228 154 236
154 240 154 249
155 9 155 18
155 22 155 32
155 34 155 42
155 57 155 64
155 82 155 91
155 95 155 102
155 109 155 116
155 121 155 128
155 133 155 144
155 153 155 164
155 176 155 184
155 191 155 202
155 203 155 212
155 224 155 231
155 236 155 245
156 0 158 3
156 17 156 27
156 30 156 38
156 42 156 50
156 54 156 62
156 66 156 76
156 78 156 87
156 91 156 101
156 105 156 113
156 117 156 126
156 129 156 139
156 141 156 149
156 161 156 171
156 184 156 191
156 199 156 209
156 211 158 214
156 223 156 232
156 235 156 242
156 247 158 249
157 13 157 21
157 29 157 36
157 41 157 49
157 61 157 68
157 74 157 85
157 86 157 96
157 102 157 111
157 125 159 128
157 137 157 145
157 149 157 158
157 168 157 175
157 180 157 187
157 195 157 206
157 207 157 214
157 219 157 226
157 231 158 235
157 243 158 246
158 4 158 11
158 21 158 28
158 38 158 47
158 50 158 57
158 70 158 80
158 85 158 94
158 112 158 121
158 124 158 135
158 136 158 144
158 148 158 155
158 160 158 169
158 174 158 184
158 188 158 196
158 215 158 222
158 227 158 235
158 239 158 246
159 3 159 12
159 20 159 28
159 33 159 43
159 45 159 52
159 65 159 73
159 81 159 88
159 94 159 101
159 108 159 119
159 120 159 130
159 132 160 136
159 144 160 148
159 156 159 164
159 172 159 179
159 187 160 192
159 202 159 211
159 214 159 221
159 226 159 234
159 238 159 245
160 2 160 11
160 16 160 27
160 28 160 36
160 56 160 63
160 77 160 85
160 90 160 100
160 116 160 123
160 128 160 136
160 140 160 147
160 152 162 154
160 164 160 171
160 178 161 183
160 198 160 205
160 210 160 219
160 222 160 229
160 234 160 244
160 246 162 248
161 8 161 15
161 24 161 32
161 37 161 44
161 49 161 56
161 64 161 72
161 76 162 80
161 89 161 100
161 101 161 109
161 115 161 122
161 127 161 134
161 139 161 146
161 151 161 159
161 163 163 166
161 186 161 194
161 206 161 214
161 218 162 223
161 230 161 237
161 242 162 246
162 1 162 8
162 15 162 23
162 32 162 39
162 44 162 52
162 60 162 69
162 72 162 82
162 84 162 95
162 97 162 104
162 111 162 120
162 123 162 132
162 135 162 143
162 147 162 157
162 162 163 166
162 182 162 191
162 194 162 203
162 217 162 226
162 229 164 232
162 241 162 248
163 7 163 14
163 23 164 27
163 43 164 47
163 55 163 64
163 68 163 77
163 80 165 82
163 93 163 100
163 107 164 112
163 119 163 128
163 131 163 138
163 143 164 148
163 155 163 165
163 169 163 180
163 181 163 189
163 201 163 209
163 213 163 221
163 225 163 233
163 237 163 245
163 249 172 249
164 5 164 13
164 19 164 26
164 31 164 38
164 52 164 59
164 67 164 75
164 79 165 83
164 92 164 99
164 104 164 111
164 118 164 128
164 130 165 135
164 142 164 149
164 154 164 161
164 166 164 176
164 189 164 199
164 209 164 217
164 221 164 228
164 233 164 244
164 245 168 246
165 11 165 18
165 27 166 32
165 39 165 47
165 51 165 60
165 63 165 70
165 75 166 79
165 87 166 90
165 100 165 108
165 114 165 124
165 126 165 135
165 138 165 145
165 150 165 159
165 173 165 183
165 197 165 206
165 220 166 225
165 232 165 240
165 244 167 246
166 10 166 18
166 26 166 34
166 46 166 57
166 58 166 68
166 71 166 79
166 83 166 93
166 96 166 104
166 110 167 114
166 122 166 133
166 134 166 144
166 146 166 156
166 158 166 166
166 179 166 186
166 193 166 203
166 205 166 214
166 228 167 232
166 240 166 248
167 9 167 18
167 22 167 29
167 34 167 43
167 57 167 65
167 82 167 92
167 95 167 102
167 109 167 120
167 121 167 129
167 133 167 142
167 145 167 152
167 157 167 164
167 171 167 179
167 185 167 193
167 203 167 213
167 216 167 224
167 236 167 243
167 248 170 249
168 0 168 9
168 17 168 28
168 30 168 37
168 42 169 46
168 54 168 61
168 66 168 73
168 78 168 86
168 91 168 101
168 103 170 106
168 117 169 122
168 129 170 132
168 141 168 152
168 153 168 160
168 165 168 173
168 177 168 188
168 191 168 201
168 211 168 219
168 223 168 231
168 235 168 243
168 247 170 249
169 13 169 22
169 29 169 39
169 41 169 48
169 61 169 70
169 74 169 81
169 86 170 91
169 99 169 108
169 113 169 123
169 125 169 132
169 137 169 147
169 149 169 156
169 161 169 171
169 175 169 184
169 199 169 208
169 231 170 236
169 243 170 246
170 4 170 11
170 21 170 28
170 38 170 49
170 50 170 59
170 70 170 80
170 85 170 92
170 98 170 106
170 112 170 119
170 124 170 131
170 136 170 145
170 148 170 156
170 160 170 170
170 183 170 192
170 195 171 199
170 207 170 214
170 219 171 223
170 239 170 246
171 3 171 11
171 20 171 29
171 33 171 42
171 45 171 53
171 65 171 72
171 81 171 91
171 94 171 102
171 106 171 115
171 120 171 127
171 132 171 142
171 144 171 151
171 156 171 164
171 168 171 175
171 190 171 199
171 214 171 223
171 226 171 235
171 238 171 246
172 2 172 12
172 16 172 23
172 28 174 30
172 56 172 65
172 77 175 78
172 90 172 97
172 102 172 110
172 116 172 125
172 128 172 135
172 140 172 149
172 152 172 161
172 164 173 169
172 180 172 187
172 202 172 209
172 234 172 245
172 246 174 249
173 8 173 16
173 24 173 31
173 37 173 45
173 49 173 56
173 64 173 71
173 76 173 83
173 88 173 95
173 101 173 109
173 115 173 125
173 127 173 134
173 139 173 146
173 151 174 155
173 163 173 171
173 186 173 197
173 198 174 203
173 210 173 218
173 222 176 223
173 242 173 249
174 1 174 10
174 15 174 25
174 32 174 41
174 44 174 52
174 60 174 67
174 72 174 79
174 84 174 91
174 97 174 108
174 111 174 120
174 123 174 130
174 135 174 145
174 147 174 155
174 159 174 167
174 172 174 181
174 194 174 201
174 206 174 214
174 218 175 222
174 230 175 234
175 7 175 14
175 23 175 30
175 43 175 50
175 55 175 62
175 68 175 78
175 80 175 87
175 93 175 100
175 105 175 113
175 119 175 126
175 131 175 138
175 143 175 151
175 155 177 158
175 167 175 174
175 192 175 200
175 217 175 225
175 229 175 238
175 241 176 246
176 5 176 12
176 19 176 26
176 31 176 38
176 52 176 59
176 67 176 75
176 79 176 87
176 92 176 102
176 104 176 112
176 118 176 127
176 130 176 138
176 142 176 152
176 154 176 163
176 166 176 175
176 178 177 183
176 201 176 210
176 213 176 222
176 225 176 236
176 237 176 244
176 249 183 249
177 11 178 15
177 27 177 36
177 39 177 47
177 51 177 59
177 63 177 70
177 75 177 83
177 87 177 95
177 100 177 107
177 114 177 123
177 126 177 136
177 138 177 145
177 150 177 160
177 162 177 173
177 176 177 187
177 188 177 195
177 200 177 207
177 212 177 220
177 224 177 232
177 245 178 249
178 10 179 14
178 26 178 33
178 46 178 54
178 58 179 62
178 71 178 79
178 83 178 90
178 96 178 105
178 108 178 116
178 122 178 133
178 134 179 137
178 146 178 156
178 158 180 160
178 170 178 179
178 182 178 190
178 196 178 204
178 208 178 216
178 220 178 227
178 232 178 240
178 244 179 249
179 9 179 17
179 22 179 33
179 34 179 43
179 57 179 64
179 82 179 91
179 95 180 98
179 107 179 114
179 121 180 126
179 133 179 140
179 145 179 154
179 157 179 166
179 169 179 177
179 181 179 192
179 204 179 213
179 216 179 223
179 228 179 235
179 240 179 248
180 0 180 10
180 17 180 24
180 30 180 38
180 42 180 51
180 54 180 63
180 66 180 73
180 78 180 85
180 91 180 100
180 103 180 113
180 117 180 124
180 129 181 133
180 141 180 149
180 153 180 163
180 165 180 176
180 187 180 196
180 203 181 208
180 215 180 223
180 227 180 234
180 248 183 249
181 13 181 21
181 29 181 37
181 41 186 42
181 61 181 71
181 74 181 81
181 86 182 90
181 99 181 109
181 113 181 120
181 125 181 135
181 137 181 146
181 149 182 154
181 161 181 170
181 173 188 173
181 185 181 194
181 199 181 207
181 211 181 219
181 223 181 231
181 235 181 244
181 247 183 249
182 4 182 11
182 21 182 30
182 38 183 41
182 50 192 50
182 70 182 79
182 85 182 93
182 98 182 106
182 110 182 119
182 124 184 126
182 136 182 143
182 148 182 156
182 160 182 168
182 179 182 188
182 191 182 198
182 207 182 218
182 219 182 226
182 231 184 234
182 243 183 246
183 3 183 12
183 20 183 27
183 33 183 41
183 45 186 47
183 65 183 75
183 81 183 91
183 94 183 102
183 106 183 116
183 120 183 131
183 132 184 137
183 144 183 152
183 156 183 164
183 168 183 175
183 190 183 197
183 239 183 247
184 2 185 5
184 16 184 24
184 28 184 35
184 56 184 63
184 77 185 81
184 89 184 97
184 102 184 110
184 116 184 123
184 128 184 139
184 140 184 148
184 152 184 159
184 164 184 171
184 177 185 181
184 189 184 199
184 202 184 210
184 214 184 221
184 226 184 234
184 238 184 245
185 8 185 17
185 24 185 32
185 37 185 45
185 49 185 58
185 64 186 69
185 76 185 85
185 88 185 95
185 101 185 110
185 115 185 123
185 127 185 135
185 139 185 146
185 151 185 161
185 163 185 171
185 175 185 184
185 195 185 204
185 210 185 217
185 222 185 229
185 234 185 243
185 246 187 248
186 1 186 10
186 15 186 25
186 32 187 35
186 44 186 52
186 60 186 68
186 72 186 79
186 84 186 92
186 97 186 104
186 109 186 117
186 123 186 130
186 135 186 144
186 147 186 154
186 159 186 168
186 171 186 179
186 183 187 186
186 206 186 216
186 218 187 221
186 230 186 238
186 242 186 249
187 7 187 15
187 23 187 31
187 43 188 46
187 55 187 62
187 68 188 72
187 80 187 88
187 93 190 94
187 105 187 112
187 119 187 126
187 131 187 140
187 143 187 153
187 155 187 163
187 167 189 169
187 193 187 202
187 205 187 212
187 217 187 225
187 229 187 236
187 241 190 243
188 5 188 14
188 19 188 26
188 31 188 40
188 52 189 56
188 67 188 77
188 79 188 88
188 92 188 101
188 104 188 113
188 118 188 126
188 130 189 133
188 142 188 151
188 154 188 162
188 166 188 176
188 180 188 187
188 192 188 199
188 213 188 220
188 225 188 232
188 237 188 246
188 249 195 249
189 11 189 22
189 27 189 35
189 39 189 48
189 51 190 55
189 63 189 70
189 75 189 85
189 87 189 97
189 100 189 110
189 112 189 122
189 126 191 128
189 138 189 147
189 150 189 157
189 162 189 172
189 174 189 182
189 186 189 194
189 198 189 209
189 212 189 221
189 224 189 231
189 236 189 244
190 10 190 17
190 26 191 31
190 46 190 53
190 58 190 68
190 71 190 78
190 83 190 93
190 96 190 104
190 108 194 109
190 122 191 127
190 134 190 142
190 146 191 149
190 158 191 162
190 170 190 177
190 197 190 205
190 209 190 217
190 221 190 230
190 233 190 242
190 245 191 248
191 9 191 16
191 22 191 29
191 34 191 41
191 57 191 67
191 82 191 91
191 95 191 102
191 107 191 114
191 121 191 128
191 133 191 143
191 145 192 148
191 157 191 164
191 169 191 177
191 196 191 203
191 208 191 217
191 220 191 227
191 232 191 240
191 244 192 247
192 0 192 7
192 17 192 25
192 30 192 38
192 42 192 52
192 54 192 62
192 66 192 77
192 78 192 88
192 90 193 95
192 103 193 106
192 117 192 127
192 129 192 136
192 141 192 148
192 153 192 161
192 165 192 175
192 178 192 186
192 203 192 214
192 215 192 224
192 227 192 235
192 240 193 243
193 13 193 23
193 29 193 38
193 41 193 48
193 61 193 68
193 74 193 83
193 86 194 90
193 99 193 107
193 111 193 119
193 125 193 132
193 137 193 144
193 149 193 158
193 161 193 169
193 173 193 181
193 185 193 194
193 200 193 207
193 248 196 249
194 4 194 12
194 21 194 29
194 38 195 43
194 50 194 61
194 70 194 77
194 85 194 92
194 98 194 105
194 110 194 117
194 124 194 132
194 136 194 146
194 148 196 150
194 160 194 171
194 172 194 183
194 184 194 195
194 207 194 215
194 219 194 229
194 231 194 241
194 247 196 249
195 3 195 10
195 20 195 27
195 33 195 42
195 45 195 52
195 65 195 72
195 81 195 92
195 94 196 97
195 106 195 113
195 120 197 122
195 132 196 137
195 144 195 151
195 156 195 167
195 168 195 176
195 181 195 188
195 194 195 203
195 239 195 247
196 2 197 6
196 16 196 24
196 28 196 35
196 56 197 59
196 77 196 86
196 89 196 98
196 102 196 112
196 114 196 121
196 128 196 136
196 140 197 144
196 152 197 157
196 164 196 173
196 176 196 184
196 188 197 192
196 211 196 218
196 223 196 233
196 235 196 242
197 8 197 16
197 24 199 26
197 37 197 44
197 49 197 60
197 64 197 73
197 76 197 87
197 88 197 99
197 101 197 108
197 113 197 123
197 127 197 135
197 139 197 146
197 151 197 161
197 163 197 174
197 175 197 186
197 187 197 197
197 199 198 203
197 222 197 230
197 234 197 243
197 246 199 249
198 1 198 11
198 32 198 40
198 44 198 51
198 60 198 69
198 72 198 82
198 84 198 94
198 97 198 104
198 109 198 119
198 123 198 132
198 135 198 144
198 147 198 157
198 159 198 166
198 171 198 178
198 206 198 214
198 218 198 227
198 230 198 238
198 242 198 249
199 7 199 15
199 23 199 30
199 53 199 61
199 68 199 75
199 105 199 112
199 119 199 129
199 131 199 142
199 143 199 152
199 155 199 165
199 167 199 176
199 191 199 198
199 204 199 211
199 216 199 224
199 228 199 236
