459 1377 918
1749 1758 1731
868 904 886
73 202
73 257
73 312
73 367
73 423
73 478
73 533
73 589
128 202
128 257
128 312
128 367
128 423
128 478
128 533
128 589
183 202
183 257
183 312
183 367
183 423
183 478
183 533
183 589
238 202
238 257
238 312
238 367
238 423
238 478
238 533
238 589
293 202
293 257
293 312
293 367
293 423
293 478
293 533
293 589
348 202
348 257
348 312
348 367
348 423
348 478
348 533
348 589
403 202
403 257
403 312
403 367
403 423
403 478
403 533
403 589
459 202
459 257
459 312
459 367
459 423
459 478
459 533
459 589
2
560 587
355 538
